Time [seconds]	Counts
4.99919e+11	597
1.49976e+12	586
2.4996e+12	551
3.49944e+12	591
4.49927e+12	574
5.49911e+12	624
6.49895e+12	596
7.49879e+12	596
8.49863e+12	585
9.49847e+12	614
1.04983e+13	619
1.14981e+13	619
1.2498e+13	627
1.34978e+13	578
1.44977e+13	590
1.54975e+13	598
1.64973e+13	602
1.74972e+13	639
1.8497e+13	602
1.94969e+13	585
2.04967e+13	600
2.14965e+13	608
2.24964e+13	660
2.34962e+13	536
2.44961e+13	567
2.54959e+13	598
2.64957e+13	602
2.74956e+13	624
2.84954e+13	590
2.94952e+13	579
3.04951e+13	604
3.14949e+13	600
3.24948e+13	558
3.34946e+13	579
3.44944e+13	615
3.54943e+13	546
3.64941e+13	580
3.7494e+13	585
3.84938e+13	616
3.94936e+13	572
4.04935e+13	585
4.14933e+13	592
4.24932e+13	609
4.3493e+13	596
4.44928e+13	617
4.54927e+13	588
4.64925e+13	641
4.74923e+13	612
4.84922e+13	572
4.9492e+13	610
5.04919e+13	579
5.14917e+13	596
5.24915e+13	581
5.34914e+13	599
5.44912e+13	604
5.54911e+13	590
5.64909e+13	556
5.74907e+13	607
5.84906e+13	584
5.94904e+13	616
6.04903e+13	595
6.14901e+13	616
6.24899e+13	597
6.34898e+13	553
6.44896e+13	610
6.54895e+13	603
6.64893e+13	569
6.74891e+13	581
6.8489e+13	608
6.94888e+13	594
7.04886e+13	616
7.14885e+13	616
7.24883e+13	642
7.34882e+13	602
7.4488e+13	566
7.54878e+13	613
7.64877e+13	640
7.74875e+13	588
7.84874e+13	623
7.94872e+13	612
8.0487e+13	575
8.14869e+13	619
8.24867e+13	590
8.34865e+13	588
8.44864e+13	592
8.54862e+13	586
8.64861e+13	585
8.74859e+13	583
8.84857e+13	593
8.94856e+13	584
9.04854e+13	544
9.14853e+13	568
9.24851e+13	553
9.34849e+13	585
9.44848e+13	569
9.54846e+13	601
9.64845e+13	583
9.74843e+13	647
9.84841e+13	567
9.9484e+13	550
1.00484e+14	627
1.01484e+14	527
1.02483e+14	624
1.03483e+14	601
1.04483e+14	586
1.05483e+14	617
1.06483e+14	585
1.07483e+14	626
1.08483e+14	651
1.09482e+14	586
1.10482e+14	575
1.11482e+14	616
1.12482e+14	579
1.13482e+14	541
1.14482e+14	564
1.15481e+14	602
1.16481e+14	570
1.17481e+14	614
1.18481e+14	600
1.19481e+14	570
1.20481e+14	593
1.2148e+14	645
1.2248e+14	618
1.2348e+14	625
1.2448e+14	576
1.2548e+14	573
1.2648e+14	584
1.27479e+14	611
1.28479e+14	576
1.29479e+14	607
1.30479e+14	598
1.31479e+14	606
1.32479e+14	595
1.33478e+14	575
1.34478e+14	614
1.35478e+14	587
1.36478e+14	600
1.37478e+14	614
1.38478e+14	599
1.39478e+14	545
1.40477e+14	570
1.41477e+14	592
1.42477e+14	595
1.43477e+14	596
1.44477e+14	575
1.45477e+14	625
1.46476e+14	590
1.47476e+14	595
1.48476e+14	612
1.49476e+14	616
1.50476e+14	629
1.51476e+14	595
1.52475e+14	617
1.53475e+14	632
1.54475e+14	633
1.55475e+14	583
1.56475e+14	609
1.57475e+14	557
1.58474e+14	615
1.59474e+14	581
1.60474e+14	626
1.61474e+14	565
1.62474e+14	623
1.63474e+14	586
1.64474e+14	600
1.65473e+14	595
1.66473e+14	534
1.67473e+14	571
1.68473e+14	611
1.69473e+14	551
1.70473e+14	646
1.71472e+14	610
1.72472e+14	586
1.73472e+14	583
1.74472e+14	585
1.75472e+14	578
1.76472e+14	625
1.77471e+14	614
1.78471e+14	618
1.79471e+14	584
1.80471e+14	590
1.81471e+14	603
1.82471e+14	586
1.8347e+14	604
1.8447e+14	615
1.8547e+14	545
1.8647e+14	637
1.8747e+14	583
1.8847e+14	557
1.89469e+14	625
1.90469e+14	631
1.91469e+14	623
1.92469e+14	577
1.93469e+14	617
1.94469e+14	620
1.95469e+14	604
1.96468e+14	601
1.97468e+14	611
1.98468e+14	631
1.99468e+14	580
2.00468e+14	642
2.01468e+14	599
2.02467e+14	564
2.03467e+14	611
2.04467e+14	619
2.05467e+14	605
2.06467e+14	636
2.07467e+14	610
2.08466e+14	583
2.09466e+14	621
2.10466e+14	609
2.11466e+14	617
2.12466e+14	559
2.13466e+14	582
2.14465e+14	596
2.15465e+14	596
2.16465e+14	603
2.17465e+14	612
2.18465e+14	572
2.19465e+14	601
2.20464e+14	570
2.21464e+14	571
2.22464e+14	601
2.23464e+14	601
2.24464e+14	611
2.25464e+14	563
2.26464e+14	571
2.27463e+14	657
2.28463e+14	581
2.29463e+14	580
2.30463e+14	585
2.31463e+14	587
2.32463e+14	572
2.33462e+14	630
2.34462e+14	609
2.35462e+14	604
2.36462e+14	607
2.37462e+14	588
2.38462e+14	550
2.39461e+14	604
2.40461e+14	599
2.41461e+14	639
2.42461e+14	583
2.43461e+14	598
2.44461e+14	566
2.4546e+14	541
2.4646e+14	615
2.4746e+14	607
2.4846e+14	612
2.4946e+14	582
2.5046e+14	599
2.51459e+14	583
2.52459e+14	606
2.53459e+14	616
2.54459e+14	564
2.55459e+14	593
2.56459e+14	587
2.57459e+14	614
2.58458e+14	598
2.59458e+14	576
2.60458e+14	606
2.61458e+14	580
2.62458e+14	577
2.63458e+14	604
2.64457e+14	580
2.65457e+14	569
2.66457e+14	558
2.67457e+14	599
2.68457e+14	586
2.69457e+14	612
2.70456e+14	622
2.71456e+14	603
2.72456e+14	632
2.73456e+14	609
2.74456e+14	605
2.75456e+14	560
2.76455e+14	574
2.77455e+14	606
2.78455e+14	588
2.79455e+14	586
2.80455e+14	590
2.81455e+14	609
2.82454e+14	574
2.83454e+14	601
2.84454e+14	608
2.85454e+14	566
2.86454e+14	564
2.87454e+14	596
2.88454e+14	616
2.89453e+14	607
2.90453e+14	598
2.91453e+14	605
2.92453e+14	621
2.93453e+14	585
2.94453e+14	566
2.95452e+14	585
2.96452e+14	655
2.97452e+14	600
2.98452e+14	605
2.99452e+14	637
3.00452e+14	611
3.01451e+14	654
3.02451e+14	612
3.03451e+14	608
3.04451e+14	574
3.05451e+14	581
3.06451e+14	564
3.0745e+14	634
3.0845e+14	583
3.0945e+14	630
3.1045e+14	584
3.1145e+14	611
3.1245e+14	590
3.13449e+14	610
3.14449e+14	588
3.15449e+14	575
3.16449e+14	639
3.17449e+14	600
3.18449e+14	603
3.19449e+14	623
3.20448e+14	600
3.21448e+14	629
3.22448e+14	604
3.23448e+14	607
3.24448e+14	576
3.25448e+14	607
3.26447e+14	596
3.27447e+14	600
3.28447e+14	580
3.29447e+14	586
3.30447e+14	624
3.31447e+14	607
3.32446e+14	584
3.33446e+14	586
3.34446e+14	600
3.35446e+14	631
3.36446e+14	634
3.37446e+14	603
3.38445e+14	615
3.39445e+14	665
3.40445e+14	597
3.41445e+14	595
3.42445e+14	577
3.43445e+14	592
3.44444e+14	554
3.45444e+14	589
3.46444e+14	621
3.47444e+14	601
3.48444e+14	572
3.49444e+14	629
3.50444e+14	641
3.51443e+14	586
3.52443e+14	599
3.53443e+14	580
3.54443e+14	577
3.55443e+14	629
3.56443e+14	552
3.57442e+14	577
3.58442e+14	574
3.59442e+14	576
3.60442e+14	556
3.61442e+14	596
3.62442e+14	567
3.63441e+14	626
3.64441e+14	588
3.65441e+14	595
3.66441e+14	605
3.67441e+14	570
3.68441e+14	635
3.6944e+14	568
3.7044e+14	640
3.7144e+14	606
3.7244e+14	536
3.7344e+14	652
3.7444e+14	627
3.7544e+14	566
3.76439e+14	578
3.77439e+14	574
3.78439e+14	622
3.79439e+14	561
3.80439e+14	610
3.81439e+14	592
3.82438e+14	550
3.83438e+14	620
3.84438e+14	617
3.85438e+14	613
3.86438e+14	590
3.87438e+14	615
3.88437e+14	637
3.89437e+14	589
3.90437e+14	579
3.91437e+14	561
3.92437e+14	598
3.93437e+14	590
3.94436e+14	611
3.95436e+14	583
3.96436e+14	588
3.97436e+14	580
3.98436e+14	635
3.99436e+14	590
4.00436e+14	571
4.01435e+14	612
4.02435e+14	601
4.03435e+14	590
4.04435e+14	620
4.05435e+14	597
4.06435e+14	556
4.07434e+14	591
4.08434e+14	608
4.09434e+14	577
4.10434e+14	631
4.11434e+14	610
4.12434e+14	617
4.13433e+14	594
4.14433e+14	589
4.15433e+14	577
4.16433e+14	593
4.17433e+14	605
4.18433e+14	593
4.19432e+14	587
4.20432e+14	564
4.21432e+14	585
4.22432e+14	549
4.23432e+14	613
4.24432e+14	610
4.25431e+14	609
4.26431e+14	595
4.27431e+14	597
4.28431e+14	586
4.29431e+14	557
4.30431e+14	598
4.31431e+14	612
4.3243e+14	610
4.3343e+14	632
4.3443e+14	567
4.3543e+14	566
4.3643e+14	534
4.3743e+14	580
4.38429e+14	632
4.39429e+14	580
4.40429e+14	603
4.41429e+14	643
4.42429e+14	650
4.43429e+14	619
4.44428e+14	586
4.45428e+14	598
4.46428e+14	591
4.47428e+14	637
4.48428e+14	611
4.49428e+14	610
4.50427e+14	619
4.51427e+14	564
4.52427e+14	599
4.53427e+14	607
4.54427e+14	629
4.55427e+14	602
4.56426e+14	573
4.57426e+14	577
4.58426e+14	595
4.59426e+14	561
4.60426e+14	617
4.61426e+14	623
4.62426e+14	609
4.63425e+14	582
4.64425e+14	584
4.65425e+14	644
4.66425e+14	567
4.67425e+14	585
4.68425e+14	615
4.69424e+14	606
4.70424e+14	594
4.71424e+14	606
4.72424e+14	604
4.73424e+14	595
4.74424e+14	623
4.75423e+14	591
4.76423e+14	602
4.77423e+14	590
4.78423e+14	558
4.79423e+14	582
4.80423e+14	610
4.81422e+14	633
4.82422e+14	626
4.83422e+14	580
4.84422e+14	593
4.85422e+14	617
4.86422e+14	614
4.87421e+14	604
4.88421e+14	578
4.89421e+14	562
4.90421e+14	558
4.91421e+14	612
4.92421e+14	584
4.93421e+14	635
4.9442e+14	625
4.9542e+14	576
4.9642e+14	561
4.9742e+14	615
4.9842e+14	623
4.9942e+14	574
5.00419e+14	626
5.01419e+14	635
5.02419e+14	598
5.03419e+14	593
5.04419e+14	591
5.05419e+14	614
5.06418e+14	591
5.07418e+14	584
5.08418e+14	577
5.09418e+14	645
5.10418e+14	599
5.11418e+14	626
5.12417e+14	610
5.13417e+14	599
5.14417e+14	640
5.15417e+14	603
5.16417e+14	591
5.17417e+14	574
5.18416e+14	588
5.19416e+14	629
5.20416e+14	575
5.21416e+14	577
5.22416e+14	584
5.23416e+14	577
5.24416e+14	611
5.25415e+14	594
5.26415e+14	624
5.27415e+14	561
5.28415e+14	582
5.29415e+14	608
5.30415e+14	585
5.31414e+14	560
5.32414e+14	606
5.33414e+14	623
5.34414e+14	621
5.35414e+14	581
5.36414e+14	631
5.37413e+14	606
5.38413e+14	596
5.39413e+14	610
5.40413e+14	605
5.41413e+14	633
5.42413e+14	578
5.43412e+14	614
5.44412e+14	648
5.45412e+14	629
5.46412e+14	579
5.47412e+14	612
5.48412e+14	602
5.49411e+14	593
5.50411e+14	566
5.51411e+14	605
5.52411e+14	608
5.53411e+14	598
5.54411e+14	614
5.55411e+14	617
5.5641e+14	610
5.5741e+14	604
5.5841e+14	599
5.5941e+14	569
5.6041e+14	572
5.6141e+14	591
5.62409e+14	591
5.63409e+14	606
5.64409e+14	567
5.65409e+14	598
5.66409e+14	609
5.67409e+14	606
5.68408e+14	552
5.69408e+14	594
5.70408e+14	625
5.71408e+14	533
5.72408e+14	616
5.73408e+14	606
5.74407e+14	612
5.75407e+14	606
5.76407e+14	621
5.77407e+14	610
5.78407e+14	631
5.79407e+14	597
5.80407e+14	629
5.81406e+14	591
5.82406e+14	634
5.83406e+14	652
5.84406e+14	575
5.85406e+14	556
5.86406e+14	621
5.87405e+14	624
5.88405e+14	619
5.89405e+14	632
5.90405e+14	598
5.91405e+14	639
5.92405e+14	642
5.93404e+14	593
5.94404e+14	597
5.95404e+14	650
5.96404e+14	566
5.97404e+14	597
5.98404e+14	654
5.99403e+14	631
6.00403e+14	563
6.01403e+14	601
6.02403e+14	574
6.03403e+14	614
6.04403e+14	594
6.05402e+14	593
6.06402e+14	620
6.07402e+14	630
6.08402e+14	586
6.09402e+14	572
6.10402e+14	562
6.11401e+14	597
6.12401e+14	576
6.13401e+14	620
6.14401e+14	611
6.15401e+14	580
6.16401e+14	597
6.17401e+14	637
6.184e+14	607
6.194e+14	613
6.204e+14	547
6.214e+14	589
6.224e+14	622
6.234e+14	587
6.24399e+14	588
6.25399e+14	625
6.26399e+14	567
6.27399e+14	593
6.28399e+14	564
6.29399e+14	607
6.30398e+14	593
6.31398e+14	576
6.32398e+14	592
6.33398e+14	617
6.34398e+14	605
6.35398e+14	571
6.36397e+14	594
6.37397e+14	644
6.38397e+14	556
6.39397e+14	591
6.40397e+14	624
6.41397e+14	621
6.42397e+14	643
6.43396e+14	567
6.44396e+14	584
6.45396e+14	572
6.46396e+14	566
6.47396e+14	622
6.48396e+14	597
6.49395e+14	579
6.50395e+14	576
6.51395e+14	608
6.52395e+14	620
6.53395e+14	614
6.54395e+14	593
6.55394e+14	575
6.56394e+14	646
6.57394e+14	622
6.58394e+14	562
6.59394e+14	574
6.60394e+14	601
6.61393e+14	602
6.62393e+14	598
6.63393e+14	551
6.64393e+14	589
6.65393e+14	571
6.66393e+14	571
6.67392e+14	642
6.68392e+14	616
6.69392e+14	597
6.70392e+14	556
6.71392e+14	634
6.72392e+14	628
6.73392e+14	609
6.74391e+14	622
6.75391e+14	603
6.76391e+14	582
6.77391e+14	610
6.78391e+14	596
6.79391e+14	603
6.8039e+14	607
6.8139e+14	594
6.8239e+14	598
6.8339e+14	605
6.8439e+14	595
6.8539e+14	590
6.86389e+14	626
6.87389e+14	557
6.88389e+14	613
6.89389e+14	592
6.90389e+14	582
6.91389e+14	543
6.92388e+14	598
6.93388e+14	565
6.94388e+14	589
6.95388e+14	591
6.96388e+14	591
6.97388e+14	538
6.98388e+14	593
6.99387e+14	593
7.00387e+14	611
7.01387e+14	593
7.02387e+14	579
7.03387e+14	662
7.04387e+14	568
7.05386e+14	582
7.06386e+14	626
7.07386e+14	603
7.08386e+14	599
7.09386e+14	627
7.10386e+14	581
7.11385e+14	586
7.12385e+14	607
7.13385e+14	623
7.14385e+14	603
7.15385e+14	612
7.16385e+14	604
7.17384e+14	554
7.18384e+14	608
7.19384e+14	626
7.20384e+14	620
7.21384e+14	596
7.22384e+14	615
7.23383e+14	589
7.24383e+14	608
7.25383e+14	593
7.26383e+14	573
7.27383e+14	604
7.28383e+14	572
7.29382e+14	605
7.30382e+14	603
7.31382e+14	647
7.32382e+14	604
7.33382e+14	609
7.34382e+14	586
7.35382e+14	578
7.36381e+14	613
7.37381e+14	565
7.38381e+14	591
7.39381e+14	579
7.40381e+14	587
7.41381e+14	591
7.4238e+14	618
7.4338e+14	612
7.4438e+14	587
7.4538e+14	551
7.4638e+14	606
7.4738e+14	586
7.48379e+14	632
7.49379e+14	596
7.50379e+14	559
7.51379e+14	630
7.52379e+14	584
7.53379e+14	578
7.54378e+14	575
7.55378e+14	624
7.56378e+14	590
7.57378e+14	563
7.58378e+14	588
7.59378e+14	581
7.60378e+14	614
7.61377e+14	620
7.62377e+14	612
7.63377e+14	592
7.64377e+14	663
7.65377e+14	602
7.66377e+14	557
7.67376e+14	635
7.68376e+14	625
7.69376e+14	577
7.70376e+14	638
7.71376e+14	602
7.72376e+14	580
7.73375e+14	563
7.74375e+14	566
7.75375e+14	562
7.76375e+14	596
7.77375e+14	604
7.78375e+14	601
7.79374e+14	591
7.80374e+14	607
7.81374e+14	586
7.82374e+14	594
7.83374e+14	634
7.84374e+14	582
7.85373e+14	584
7.86373e+14	590
7.87373e+14	612
7.88373e+14	580
7.89373e+14	567
7.90373e+14	600
7.91372e+14	618
7.92372e+14	582
7.93372e+14	578
7.94372e+14	570
7.95372e+14	587
7.96372e+14	568
7.97372e+14	635
7.98371e+14	604
7.99371e+14	595
8.00371e+14	615
8.01371e+14	621
8.02371e+14	602
8.03371e+14	593
8.0437e+14	610
8.0537e+14	587
8.0637e+14	602
8.0737e+14	618
8.0837e+14	585
8.0937e+14	637
8.10369e+14	603
8.11369e+14	602
8.12369e+14	579
8.13369e+14	590
8.14369e+14	592
8.15369e+14	556
8.16368e+14	610
8.17368e+14	591
8.18368e+14	577
8.19368e+14	596
8.20368e+14	558
8.21368e+14	621
8.22368e+14	590
8.23367e+14	580
8.24367e+14	582
8.25367e+14	605
8.26367e+14	588
8.27367e+14	625
8.28367e+14	581
8.29366e+14	596
8.30366e+14	559
8.31366e+14	600
8.32366e+14	598
8.33366e+14	648
8.34366e+14	630
8.35365e+14	611
8.36365e+14	599
8.37365e+14	586
8.38365e+14	611
8.39365e+14	578
8.40365e+14	605
8.41364e+14	604
8.42364e+14	566
8.43364e+14	604
8.44364e+14	564
8.45364e+14	572
8.46364e+14	595
8.47363e+14	623
8.48363e+14	582
8.49363e+14	619
8.50363e+14	572
8.51363e+14	648
8.52363e+14	590
8.53363e+14	598
8.54362e+14	616
8.55362e+14	553
8.56362e+14	575
8.57362e+14	605
8.58362e+14	600
8.59362e+14	610
8.60361e+14	615
8.61361e+14	582
8.62361e+14	642
8.63361e+14	612
8.64361e+14	595
8.65361e+14	586
8.6636e+14	586
8.6736e+14	573
8.6836e+14	607
8.6936e+14	635
8.7036e+14	576
8.7136e+14	559
8.72359e+14	582
8.73359e+14	595
8.74359e+14	641
8.75359e+14	560
8.76359e+14	565
8.77359e+14	578
8.78359e+14	631
8.79358e+14	618
8.80358e+14	545
8.81358e+14	600
8.82358e+14	584
8.83358e+14	586
8.84358e+14	588
8.85357e+14	599
8.86357e+14	588
8.87357e+14	571
8.88357e+14	545
8.89357e+14	592
8.90357e+14	541
8.91356e+14	609
8.92356e+14	603
8.93356e+14	591
8.94356e+14	590
8.95356e+14	628
8.96356e+14	565
8.97355e+14	597
8.98355e+14	576
8.99355e+14	618
9.00355e+14	580
9.01355e+14	600
9.02355e+14	572
9.03354e+14	612
9.04354e+14	567
9.05354e+14	603
9.06354e+14	585
9.07354e+14	577
9.08354e+14	616
9.09353e+14	612
9.10353e+14	626
9.11353e+14	565
9.12353e+14	581
9.13353e+14	623
9.14353e+14	583
9.15353e+14	592
9.16352e+14	610
9.17352e+14	567
9.18352e+14	615
9.19352e+14	592
9.20352e+14	618
9.21352e+14	630
9.22351e+14	571
9.23351e+14	600
9.24351e+14	575
9.25351e+14	559
9.26351e+14	623
9.27351e+14	598
9.2835e+14	615
9.2935e+14	631
9.3035e+14	586
9.3135e+14	607
9.3235e+14	612
9.3335e+14	577
9.34349e+14	658
9.35349e+14	609
9.36349e+14	568
9.37349e+14	646
9.38349e+14	593
9.39349e+14	591
9.40349e+14	580
9.41348e+14	601
9.42348e+14	557
9.43348e+14	616
9.44348e+14	596
9.45348e+14	576
9.46348e+14	609
9.47347e+14	580
9.48347e+14	599
9.49347e+14	587
9.50347e+14	568
9.51347e+14	593
9.52347e+14	557
9.53346e+14	585
9.54346e+14	554
9.55346e+14	586
9.56346e+14	574
9.57346e+14	625
9.58346e+14	560
9.59345e+14	560
9.60345e+14	631
9.61345e+14	647
9.62345e+14	541
9.63345e+14	567
9.64345e+14	580
9.65344e+14	577
9.66344e+14	590
9.67344e+14	612
9.68344e+14	590
9.69344e+14	596
9.70344e+14	576
9.71343e+14	575
9.72343e+14	547
9.73343e+14	561
9.74343e+14	601
9.75343e+14	610
9.76343e+14	602
9.77343e+14	603
9.78342e+14	600
9.79342e+14	615
9.80342e+14	631
9.81342e+14	602
9.82342e+14	607
9.83342e+14	612
9.84341e+14	552
9.85341e+14	570
9.86341e+14	605
9.87341e+14	619
9.88341e+14	580
9.89341e+14	574
9.9034e+14	593
9.9134e+14	627
9.9234e+14	593
9.9334e+14	563
9.9434e+14	583
9.9534e+14	617
9.96339e+14	581
9.97339e+14	592
9.98339e+14	607
9.99339e+14	605
1.00034e+15	594
1.00134e+15	629
1.00234e+15	563
1.00334e+15	580
1.00434e+15	571
1.00534e+15	596
1.00634e+15	591
1.00734e+15	582
1.00834e+15	595
1.00934e+15	583
1.01034e+15	592
1.01134e+15	579
1.01234e+15	595
1.01334e+15	566
1.01434e+15	549
1.01534e+15	605
1.01634e+15	608
1.01734e+15	594
1.01834e+15	646
1.01934e+15	603
1.02034e+15	596
1.02134e+15	586
1.02234e+15	597
1.02334e+15	572
1.02434e+15	621
1.02533e+15	578
1.02633e+15	598
1.02733e+15	591
1.02833e+15	606
1.02933e+15	567
1.03033e+15	608
1.03133e+15	609
1.03233e+15	565
1.03333e+15	632
1.03433e+15	600
1.03533e+15	599
1.03633e+15	609
1.03733e+15	617
1.03833e+15	603
1.03933e+15	642
1.04033e+15	544
1.04133e+15	602
1.04233e+15	598
1.04333e+15	609
1.04433e+15	558
1.04533e+15	653
1.04633e+15	571
1.04733e+15	612
1.04833e+15	586
1.04933e+15	579
1.05033e+15	571
1.05133e+15	611
1.05233e+15	603
1.05333e+15	573
1.05433e+15	587
1.05533e+15	585
1.05633e+15	581
1.05733e+15	644
1.05833e+15	574
1.05933e+15	592
1.06033e+15	574
1.06133e+15	628
1.06233e+15	578
1.06333e+15	582
1.06433e+15	587
1.06533e+15	582
1.06633e+15	584
1.06733e+15	573
1.06833e+15	560
1.06933e+15	580
1.07033e+15	577
1.07133e+15	555
1.07233e+15	583
1.07333e+15	613
1.07433e+15	555
1.07533e+15	581
1.07633e+15	593
1.07733e+15	629
1.07833e+15	578
1.07933e+15	598
1.08033e+15	572
1.08133e+15	582
1.08233e+15	584
1.08333e+15	606
1.08433e+15	574
1.08533e+15	607
1.08633e+15	558
1.08732e+15	611
1.08832e+15	635
1.08932e+15	595
1.09032e+15	568
1.09132e+15	587
1.09232e+15	563
1.09332e+15	585
1.09432e+15	595
1.09532e+15	584
1.09632e+15	572
1.09732e+15	620
1.09832e+15	561
1.09932e+15	621
1.10032e+15	563
1.10132e+15	620
1.10232e+15	560
1.10332e+15	610
1.10432e+15	575
1.10532e+15	586
1.10632e+15	587
1.10732e+15	579
1.10832e+15	576
1.10932e+15	617
1.11032e+15	590
1.11132e+15	569
1.11232e+15	575
1.11332e+15	568
1.11432e+15	579
1.11532e+15	574
1.11632e+15	606
1.11732e+15	592
1.11832e+15	593
1.11932e+15	596
1.12032e+15	611
1.12132e+15	603
1.12232e+15	572
1.12332e+15	585
1.12432e+15	602
1.12532e+15	640
1.12632e+15	572
1.12732e+15	609
1.12832e+15	605
1.12932e+15	631
1.13032e+15	614
1.13132e+15	618
1.13232e+15	570
1.13332e+15	588
1.13432e+15	638
1.13532e+15	564
1.13632e+15	592
1.13732e+15	642
1.13832e+15	624
1.13932e+15	590
1.14032e+15	583
1.14132e+15	584
1.14232e+15	549
1.14332e+15	599
1.14432e+15	595
1.14532e+15	584
1.14632e+15	617
1.14732e+15	568
1.14832e+15	557
1.14931e+15	577
1.15031e+15	627
1.15131e+15	554
1.15231e+15	621
1.15331e+15	611
1.15431e+15	577
1.15531e+15	625
1.15631e+15	609
1.15731e+15	565
1.15831e+15	578
1.15931e+15	576
1.16031e+15	561
1.16131e+15	578
1.16231e+15	607
1.16331e+15	597
1.16431e+15	619
1.16531e+15	581
1.16631e+15	578
1.16731e+15	599
1.16831e+15	578
1.16931e+15	599
1.17031e+15	610
1.17131e+15	635
1.17231e+15	619
1.17331e+15	558
1.17431e+15	613
1.17531e+15	566
1.17631e+15	576
1.17731e+15	605
1.17831e+15	626
1.17931e+15	620
1.18031e+15	609
1.18131e+15	608
1.18231e+15	607
1.18331e+15	539
1.18431e+15	597
1.18531e+15	634
1.18631e+15	559
1.18731e+15	614
1.18831e+15	563
1.18931e+15	637
1.19031e+15	604
1.19131e+15	528
1.19231e+15	591
1.19331e+15	640
1.19431e+15	589
1.19531e+15	606
1.19631e+15	609
1.19731e+15	567
1.19831e+15	612
1.19931e+15	629
1.20031e+15	612
1.20131e+15	576
1.20231e+15	573
1.20331e+15	596
1.20431e+15	550
1.20531e+15	628
1.20631e+15	611
1.20731e+15	577
1.20831e+15	638
1.20931e+15	586
1.21031e+15	622
1.2113e+15	609
1.2123e+15	580
1.2133e+15	600
1.2143e+15	578
1.2153e+15	602
1.2163e+15	532
1.2173e+15	578
1.2183e+15	617
1.2193e+15	617
1.2203e+15	614
1.2213e+15	542
1.2223e+15	625
1.2233e+15	583
1.2243e+15	585
1.2253e+15	554
1.2263e+15	596
1.2273e+15	588
1.2283e+15	613
1.2293e+15	585
1.2303e+15	598
1.2313e+15	587
1.2323e+15	596
1.2333e+15	577
1.2343e+15	595
1.2353e+15	580
1.2363e+15	586
1.2373e+15	630
1.2383e+15	569
1.2393e+15	604
1.2403e+15	590
1.2413e+15	608
1.2423e+15	603
1.2433e+15	582
1.2443e+15	583
1.2453e+15	551
1.2463e+15	594
1.2473e+15	602
1.2483e+15	581
1.2493e+15	571
1.2503e+15	636
1.2513e+15	578
1.2523e+15	610
1.2533e+15	601
1.2543e+15	597
1.2553e+15	597
1.2563e+15	607
1.2573e+15	539
1.2583e+15	597
1.2593e+15	588
1.2603e+15	573
1.2613e+15	617
1.2623e+15	646
1.2633e+15	572
1.2643e+15	623
1.2653e+15	562
1.2663e+15	609
1.2673e+15	619
1.2683e+15	610
1.2693e+15	600
1.2703e+15	581
1.2713e+15	565
1.2723e+15	578
1.27329e+15	588
1.27429e+15	574
1.27529e+15	615
1.27629e+15	601
1.27729e+15	570
1.27829e+15	595
1.27929e+15	608
1.28029e+15	582
1.28129e+15	549
1.28229e+15	534
1.28329e+15	615
1.28429e+15	590
1.28529e+15	602
1.28629e+15	559
1.28729e+15	563
1.28829e+15	618
1.28929e+15	590
1.29029e+15	574
1.29129e+15	554
1.29229e+15	597
1.29329e+15	620
1.29429e+15	584
1.29529e+15	596
1.29629e+15	575
1.29729e+15	622
1.29829e+15	620
1.29929e+15	610
1.30029e+15	571
1.30129e+15	593
1.30229e+15	589
1.30329e+15	627
1.30429e+15	632
1.30529e+15	589
1.30629e+15	616
1.30729e+15	570
1.30829e+15	589
1.30929e+15	608
1.31029e+15	590
1.31129e+15	560
1.31229e+15	554
1.31329e+15	580
1.31429e+15	547
1.31529e+15	593
1.31629e+15	586
1.31729e+15	616
1.31829e+15	583
1.31929e+15	625
1.32029e+15	610
1.32129e+15	589
1.32229e+15	635
1.32329e+15	574
1.32429e+15	597
1.32529e+15	624
1.32629e+15	591
1.32729e+15	618
1.32829e+15	591
1.32929e+15	585
1.33029e+15	626
1.33129e+15	628
1.33229e+15	538
1.33329e+15	580
1.33429e+15	584
1.33528e+15	631
1.33628e+15	629
1.33728e+15	626
1.33828e+15	641
1.33928e+15	571
1.34028e+15	584
1.34128e+15	609
1.34228e+15	601
1.34328e+15	557
1.34428e+15	567
1.34528e+15	586
1.34628e+15	575
1.34728e+15	582
1.34828e+15	563
1.34928e+15	565
1.35028e+15	599
1.35128e+15	583
1.35228e+15	590
1.35328e+15	591
1.35428e+15	596
1.35528e+15	616
1.35628e+15	561
1.35728e+15	607
1.35828e+15	592
1.35928e+15	614
1.36028e+15	606
1.36128e+15	569
1.36228e+15	577
1.36328e+15	620
1.36428e+15	588
1.36528e+15	596
1.36628e+15	564
1.36728e+15	624
1.36828e+15	609
1.36928e+15	575
1.37028e+15	644
1.37128e+15	593
1.37228e+15	600
1.37328e+15	590
1.37428e+15	579
1.37528e+15	615
1.37628e+15	567
1.37728e+15	598
1.37828e+15	618
1.37928e+15	598
1.38028e+15	578
1.38128e+15	563
1.38228e+15	592
1.38328e+15	555
1.38428e+15	607
1.38528e+15	585
1.38628e+15	601
1.38728e+15	569
1.38828e+15	630
1.38928e+15	577
1.39028e+15	561
1.39128e+15	596
1.39228e+15	525
1.39328e+15	583
1.39428e+15	605
1.39528e+15	608
1.39628e+15	594
1.39727e+15	567
1.39827e+15	601
1.39927e+15	545
1.40027e+15	610
1.40127e+15	602
1.40227e+15	618
1.40327e+15	609
1.40427e+15	563
1.40527e+15	599
1.40627e+15	636
1.40727e+15	569
1.40827e+15	621
1.40927e+15	560
1.41027e+15	569
1.41127e+15	559
1.41227e+15	577
1.41327e+15	592
1.41427e+15	534
1.41527e+15	627
1.41627e+15	603
1.41727e+15	576
1.41827e+15	551
1.41927e+15	594
1.42027e+15	610
1.42127e+15	566
1.42227e+15	605
1.42327e+15	599
1.42427e+15	608
1.42527e+15	587
1.42627e+15	588
1.42727e+15	589
1.42827e+15	587
1.42927e+15	586
1.43027e+15	573
1.43127e+15	589
1.43227e+15	612
1.43327e+15	553
1.43427e+15	583
1.43527e+15	583
1.43627e+15	559
1.43727e+15	602
1.43827e+15	573
1.43927e+15	594
1.44027e+15	581
1.44127e+15	596
1.44227e+15	584
1.44327e+15	570
1.44427e+15	585
1.44527e+15	607
1.44627e+15	618
1.44727e+15	592
