Time [seconds]	Counts
4.99821e+11	674
1.49946e+12	675
2.4991e+12	694
3.49875e+12	706
4.49839e+12	706
5.49803e+12	715
6.49767e+12	727
7.49731e+12	746
8.49696e+12	725
9.4966e+12	677
1.04962e+13	707
1.14959e+13	700
1.24955e+13	669
1.34952e+13	669
1.44948e+13	678
1.54944e+13	678
1.64941e+13	679
1.74937e+13	745
1.84934e+13	734
1.9493e+13	726
2.04927e+13	672
2.14923e+13	669
2.24919e+13	714
2.34916e+13	742
2.44912e+13	706
2.54909e+13	700
2.64905e+13	688
2.74902e+13	692
2.84898e+13	713
2.94894e+13	672
3.04891e+13	663
3.14887e+13	705
3.24884e+13	704
3.3488e+13	665
3.44876e+13	718
3.54873e+13	720
3.64869e+13	708
3.74866e+13	708
3.84862e+13	698
3.94859e+13	770
4.04855e+13	751
4.14851e+13	702
4.24848e+13	742
4.34844e+13	740
4.44841e+13	706
4.54837e+13	755
4.64833e+13	732
4.7483e+13	665
4.84826e+13	757
4.94823e+13	749
5.04819e+13	710
5.14816e+13	736
5.24812e+13	734
5.34808e+13	723
5.44805e+13	710
5.54801e+13	709
5.64798e+13	743
5.74794e+13	698
5.8479e+13	744
5.94787e+13	765
6.04783e+13	716
6.1478e+13	708
6.24776e+13	742
6.34773e+13	706
6.44769e+13	681
6.54765e+13	685
6.64762e+13	730
6.74758e+13	727
6.84755e+13	767
6.94751e+13	760
7.04748e+13	712
7.14744e+13	727
7.2474e+13	679
7.34737e+13	716
7.44733e+13	697
7.5473e+13	742
7.64726e+13	744
7.74722e+13	715
7.84719e+13	705
7.94715e+13	734
8.04712e+13	733
8.14708e+13	740
8.24705e+13	727
8.34701e+13	663
8.44697e+13	674
8.54694e+13	715
8.6469e+13	750
8.74687e+13	730
8.84683e+13	734
8.94679e+13	782
9.04676e+13	708
9.14672e+13	742
9.24669e+13	724
9.34665e+13	706
9.44662e+13	670
9.54658e+13	758
9.64654e+13	746
9.74651e+13	722
9.84647e+13	729
9.94644e+13	721
1.00464e+14	723
1.01464e+14	648
1.02463e+14	732
1.03463e+14	765
1.04463e+14	721
1.05462e+14	688
1.06462e+14	711
1.07461e+14	755
1.08461e+14	741
1.09461e+14	745
1.1046e+14	743
1.1146e+14	721
1.1246e+14	702
1.13459e+14	723
1.14459e+14	735
1.15459e+14	737
1.16458e+14	672
1.17458e+14	698
1.18458e+14	696
1.19457e+14	769
1.20457e+14	740
1.21456e+14	739
1.22456e+14	702
1.23456e+14	735
1.24455e+14	677
1.25455e+14	692
1.26455e+14	716
1.27454e+14	738
1.28454e+14	732
1.29454e+14	658
1.30453e+14	714
1.31453e+14	722
1.32453e+14	768
1.33452e+14	752
1.34452e+14	733
1.35451e+14	706
1.36451e+14	720
1.37451e+14	754
1.3845e+14	723
1.3945e+14	745
1.4045e+14	725
1.41449e+14	690
1.42449e+14	671
1.43449e+14	716
1.44448e+14	730
1.45448e+14	697
1.46448e+14	738
1.47447e+14	755
1.48447e+14	694
1.49446e+14	720
1.50446e+14	739
1.51446e+14	700
1.52445e+14	691
1.53445e+14	722
1.54445e+14	718
1.55444e+14	684
1.56444e+14	722
1.57444e+14	727
1.58443e+14	710
1.59443e+14	696
1.60443e+14	692
1.61442e+14	707
1.62442e+14	722
1.63441e+14	720
1.64441e+14	729
1.65441e+14	682
1.6644e+14	674
1.6744e+14	694
1.6844e+14	680
1.69439e+14	697
1.70439e+14	652
1.71439e+14	742
1.72438e+14	687
1.73438e+14	704
1.74437e+14	735
1.75437e+14	705
1.76437e+14	722
1.77436e+14	728
1.78436e+14	707
1.79436e+14	722
1.80435e+14	720
1.81435e+14	702
1.82435e+14	683
1.83434e+14	735
1.84434e+14	703
1.85434e+14	728
1.86433e+14	685
1.87433e+14	688
1.88432e+14	712
1.89432e+14	716
1.90432e+14	677
1.91431e+14	700
1.92431e+14	697
1.93431e+14	707
1.9443e+14	708
1.9543e+14	690
1.9643e+14	700
1.97429e+14	643
1.98429e+14	722
1.99429e+14	669
2.00428e+14	690
2.01428e+14	698
2.02427e+14	705
2.03427e+14	738
2.04427e+14	684
2.05426e+14	735
2.06426e+14	716
2.07426e+14	689
2.08425e+14	732
2.09425e+14	744
2.10425e+14	682
2.11424e+14	692
2.12424e+14	724
2.13424e+14	687
2.14423e+14	738
2.15423e+14	721
2.16422e+14	702
2.17422e+14	713
2.18422e+14	690
2.19421e+14	696
2.20421e+14	714
2.21421e+14	672
2.2242e+14	736
2.2342e+14	746
2.2442e+14	684
2.25419e+14	716
2.26419e+14	658
2.27419e+14	682
2.28418e+14	710
2.29418e+14	750
2.30417e+14	713
2.31417e+14	750
2.32417e+14	689
2.33416e+14	714
2.34416e+14	687
2.35416e+14	683
2.36415e+14	697
2.37415e+14	687
2.38415e+14	679
2.39414e+14	638
2.40414e+14	767
2.41414e+14	752
2.42413e+14	679
2.43413e+14	662
2.44412e+14	637
2.45412e+14	749
2.46412e+14	727
2.47411e+14	687
2.48411e+14	729
2.49411e+14	711
2.5041e+14	728
2.5141e+14	717
2.5241e+14	742
2.53409e+14	712
2.54409e+14	659
2.55409e+14	716
2.56408e+14	699
2.57408e+14	703
2.58407e+14	722
2.59407e+14	712
2.60407e+14	703
2.61406e+14	707
2.62406e+14	648
2.63406e+14	721
2.64405e+14	654
2.65405e+14	730
2.66405e+14	698
2.67404e+14	680
2.68404e+14	757
2.69403e+14	691
2.70403e+14	716
2.71403e+14	684
2.72402e+14	683
2.73402e+14	694
2.74402e+14	715
2.75401e+14	731
2.76401e+14	730
2.77401e+14	722
2.784e+14	730
2.794e+14	693
2.804e+14	707
2.81399e+14	703
2.82399e+14	696
2.83398e+14	716
2.84398e+14	689
2.85398e+14	718
2.86397e+14	663
2.87397e+14	701
2.88397e+14	683
2.89396e+14	715
2.90396e+14	697
2.91396e+14	691
2.92395e+14	697
2.93395e+14	748
2.94395e+14	710
2.95394e+14	759
2.96394e+14	682
2.97393e+14	735
2.98393e+14	776
2.99393e+14	680
3.00392e+14	722
3.01392e+14	743
3.02392e+14	730
3.03391e+14	750
3.04391e+14	750
3.05391e+14	708
3.0639e+14	757
3.0739e+14	746
3.0839e+14	733
3.09389e+14	719
3.10389e+14	764
3.11388e+14	708
3.12388e+14	756
3.13388e+14	720
3.14387e+14	713
3.15387e+14	707
3.16387e+14	754
3.17386e+14	732
3.18386e+14	744
3.19386e+14	728
3.20385e+14	730
3.21385e+14	721
3.22385e+14	785
3.23384e+14	804
3.24384e+14	777
3.25383e+14	752
3.26383e+14	755
3.27383e+14	771
3.28382e+14	757
3.29382e+14	681
3.30382e+14	732
3.31381e+14	705
3.32381e+14	752
3.33381e+14	741
3.3438e+14	750
3.3538e+14	727
3.36379e+14	719
3.37379e+14	739
3.38379e+14	822
3.39378e+14	703
3.40378e+14	769
3.41378e+14	768
3.42377e+14	783
3.43377e+14	761
3.44377e+14	765
3.45376e+14	768
3.46376e+14	771
3.47376e+14	725
3.48375e+14	760
3.49375e+14	737
3.50374e+14	778
3.51374e+14	739
3.52374e+14	757
3.53373e+14	670
3.54373e+14	749
3.55373e+14	753
3.56372e+14	774
3.57372e+14	740
3.58372e+14	706
3.59371e+14	718
3.60371e+14	743
3.61371e+14	799
3.6237e+14	738
3.6337e+14	697
3.64369e+14	737
3.65369e+14	774
3.66369e+14	757
3.67368e+14	748
3.68368e+14	730
3.69368e+14	720
3.70367e+14	756
3.71367e+14	748
3.72367e+14	728
3.73366e+14	684
3.74366e+14	729
3.75366e+14	722
3.76365e+14	805
3.77365e+14	778
3.78364e+14	715
3.79364e+14	723
3.80364e+14	799
3.81363e+14	743
3.82363e+14	767
3.83363e+14	720
3.84362e+14	741
3.85362e+14	758
3.86362e+14	751
3.87361e+14	729
3.88361e+14	763
3.8936e+14	714
3.9036e+14	725
3.9136e+14	797
3.92359e+14	796
3.93359e+14	730
3.94359e+14	734
3.95358e+14	721
3.96358e+14	679
3.97358e+14	747
3.98357e+14	744
3.99357e+14	754
4.00357e+14	710
4.01356e+14	750
4.02356e+14	749
4.03355e+14	747
4.04355e+14	676
4.05355e+14	740
4.06354e+14	727
4.07354e+14	701
4.08354e+14	740
4.09353e+14	714
4.10353e+14	759
4.11353e+14	713
4.12352e+14	696
4.13352e+14	741
4.14352e+14	732
4.15351e+14	726
4.16351e+14	753
4.1735e+14	729
4.1835e+14	665
4.1935e+14	729
4.20349e+14	761
4.21349e+14	722
4.22349e+14	700
4.23348e+14	729
4.24348e+14	732
4.25348e+14	697
4.26347e+14	715
4.27347e+14	693
4.28347e+14	683
4.29346e+14	736
4.30346e+14	706
4.31345e+14	692
4.32345e+14	709
4.33345e+14	746
4.34344e+14	750
4.35344e+14	666
4.36344e+14	662
4.37343e+14	771
4.38343e+14	765
4.39343e+14	713
4.40342e+14	787
4.41342e+14	745
4.42342e+14	789
4.43341e+14	724
4.44341e+14	758
4.4534e+14	722
4.4634e+14	752
4.4734e+14	696
4.48339e+14	735
4.49339e+14	774
4.50339e+14	729
4.51338e+14	751
4.52338e+14	740
4.53338e+14	775
4.54337e+14	785
4.55337e+14	756
4.56337e+14	776
4.57336e+14	722
4.58336e+14	776
4.59335e+14	789
4.60335e+14	827
4.61335e+14	842
4.62334e+14	717
4.63334e+14	703
4.64334e+14	766
4.65333e+14	795
4.66333e+14	775
4.67333e+14	751
4.68332e+14	744
4.69332e+14	790
4.70332e+14	757
4.71331e+14	738
4.72331e+14	724
4.7333e+14	753
4.7433e+14	772
4.7533e+14	762
4.76329e+14	727
4.77329e+14	744
4.78329e+14	758
4.79328e+14	754
4.80328e+14	773
4.81328e+14	760
4.82327e+14	795
4.83327e+14	763
4.84326e+14	764
4.85326e+14	816
4.86326e+14	742
4.87325e+14	762
4.88325e+14	797
4.89325e+14	774
4.90324e+14	775
4.91324e+14	737
4.92324e+14	782
4.93323e+14	763
4.94323e+14	796
4.95323e+14	775
4.96322e+14	683
4.97322e+14	736
4.98321e+14	732
4.99321e+14	738
5.00321e+14	772
5.0132e+14	771
5.0232e+14	758
5.0332e+14	743
5.04319e+14	711
5.05319e+14	764
5.06319e+14	772
5.07318e+14	767
5.08318e+14	813
5.09318e+14	767
5.10317e+14	742
5.11317e+14	769
5.12316e+14	707
5.13316e+14	809
5.14316e+14	771
5.15315e+14	775
5.16315e+14	736
5.17315e+14	735
5.18314e+14	745
5.19314e+14	730
5.20314e+14	709
5.21313e+14	783
5.22313e+14	735
5.23313e+14	774
5.24312e+14	762
5.25312e+14	722
5.26311e+14	753
5.27311e+14	752
5.28311e+14	769
5.2931e+14	740
5.3031e+14	755
5.3131e+14	767
5.32309e+14	736
5.33309e+14	736
5.34309e+14	737
5.35308e+14	763
5.36308e+14	737
5.37307e+14	773
5.38307e+14	742
5.39307e+14	756
5.40306e+14	770
5.41306e+14	722
5.42306e+14	771
5.43305e+14	733
5.44305e+14	738
5.45305e+14	797
5.46304e+14	755
5.47304e+14	737
5.48304e+14	724
5.49303e+14	828
5.50303e+14	791
5.51302e+14	745
5.52302e+14	710
5.53302e+14	770
5.54301e+14	772
