Time [seconds]	Counts
4.99677e+11	249
1.49903e+12	224
2.49839e+12	228
3.49774e+12	209
4.49709e+12	211
5.49645e+12	219
6.4958e+12	204
7.49516e+12	219
8.49451e+12	220
9.49387e+12	227
1.04932e+13	214
1.14926e+13	245
1.24919e+13	217
1.34913e+13	212
1.44906e+13	234
1.549e+13	228
1.64893e+13	205
1.74887e+13	238
1.84881e+13	226
1.94874e+13	229
2.04868e+13	220
2.14861e+13	219
2.24855e+13	187
2.34848e+13	203
2.44842e+13	199
2.54835e+13	222
2.64829e+13	222
2.74822e+13	230
2.84816e+13	225
2.9481e+13	208
3.04803e+13	234
3.14797e+13	216
3.2479e+13	201
3.34784e+13	235
3.44777e+13	240
3.54771e+13	207
3.64764e+13	220
3.74758e+13	212
3.84751e+13	221
3.94745e+13	202
4.04739e+13	243
4.14732e+13	215
4.24726e+13	216
4.34719e+13	220
4.44713e+13	204
4.54706e+13	218
4.647e+13	228
4.74693e+13	255
4.84687e+13	231
4.9468e+13	209
5.04674e+13	214
5.14667e+13	206
5.24661e+13	221
5.34655e+13	209
5.44648e+13	221
5.54642e+13	205
5.64635e+13	213
5.74629e+13	215
5.84622e+13	206
5.94616e+13	230
6.04609e+13	229
6.14603e+13	206
6.24596e+13	222
6.3459e+13	215
6.44584e+13	227
6.54577e+13	199
6.64571e+13	213
6.74564e+13	222
6.84558e+13	224
6.94551e+13	222
7.04545e+13	233
7.14538e+13	215
7.24532e+13	202
7.34525e+13	227
7.44519e+13	237
7.54513e+13	240
7.64506e+13	225
7.745e+13	225
7.84493e+13	223
7.94487e+13	218
8.0448e+13	208
8.14474e+13	225
8.24467e+13	243
8.34461e+13	210
8.44454e+13	191
8.54448e+13	205
8.64441e+13	231
8.74435e+13	232
8.84429e+13	236
8.94422e+13	205
9.04416e+13	220
9.14409e+13	244
9.24403e+13	175
9.34396e+13	235
9.4439e+13	226
9.54383e+13	230
9.64377e+13	229
9.7437e+13	225
9.84364e+13	226
9.94357e+13	210
1.00435e+14	242
1.01434e+14	175
1.02434e+14	238
1.03433e+14	203
1.04433e+14	242
1.05432e+14	228
1.06431e+14	209
1.07431e+14	222
1.0843e+14	218
1.09429e+14	218
1.10429e+14	195
1.11428e+14	235
1.12427e+14	244
1.13427e+14	236
1.14426e+14	240
1.15425e+14	205
1.16425e+14	205
1.17424e+14	199
1.18423e+14	207
1.19423e+14	241
1.20422e+14	226
1.21422e+14	215
1.22421e+14	230
1.2342e+14	205
1.2442e+14	212
1.25419e+14	218
1.26418e+14	244
1.27418e+14	237
1.28417e+14	218
1.29416e+14	218
1.30416e+14	200
1.31415e+14	226
1.32414e+14	234
1.33414e+14	199
1.34413e+14	236
1.35413e+14	200
1.36412e+14	204
1.37411e+14	221
1.38411e+14	233
1.3941e+14	230
1.40409e+14	226
1.41409e+14	230
1.42408e+14	235
1.43407e+14	255
1.44407e+14	212
1.45406e+14	193
1.46405e+14	197
1.47405e+14	224
1.48404e+14	221
1.49403e+14	256
1.50403e+14	234
1.51402e+14	227
1.52402e+14	223
1.53401e+14	235
1.544e+14	215
1.554e+14	244
1.56399e+14	242
1.57398e+14	176
1.58398e+14	226
1.59397e+14	231
1.60396e+14	212
1.61396e+14	225
1.62395e+14	224
1.63394e+14	217
1.64394e+14	246
1.65393e+14	219
1.66392e+14	241
1.67392e+14	205
1.68391e+14	206
1.69391e+14	217
1.7039e+14	201
1.71389e+14	216
1.72389e+14	214
1.73388e+14	219
1.74387e+14	219
1.75387e+14	252
1.76386e+14	197
1.77385e+14	207
1.78385e+14	244
1.79384e+14	198
1.80383e+14	235
1.81383e+14	230
1.82382e+14	225
1.83382e+14	223
1.84381e+14	243
1.8538e+14	201
1.8638e+14	240
1.87379e+14	200
1.88378e+14	215
1.89378e+14	212
1.90377e+14	219
1.91376e+14	204
1.92376e+14	247
1.93375e+14	227
1.94374e+14	201
1.95374e+14	240
1.96373e+14	180
1.97372e+14	197
1.98372e+14	229
1.99371e+14	223
2.00371e+14	220
2.0137e+14	211
2.02369e+14	230
2.03369e+14	222
2.04368e+14	212
2.05367e+14	225
2.06367e+14	207
2.07366e+14	222
2.08365e+14	212
2.09365e+14	234
2.10364e+14	231
2.11363e+14	208
2.12363e+14	219
2.13362e+14	222
2.14361e+14	242
2.15361e+14	219
2.1636e+14	228
2.1736e+14	219
2.18359e+14	201
2.19358e+14	213
2.20358e+14	208
2.21357e+14	214
2.22356e+14	219
2.23356e+14	207
2.24355e+14	235
2.25354e+14	231
2.26354e+14	207
2.27353e+14	191
2.28352e+14	226
2.29352e+14	235
2.30351e+14	235
2.31351e+14	235
2.3235e+14	213
2.33349e+14	225
2.34349e+14	240
2.35348e+14	210
2.36347e+14	204
2.37347e+14	246
2.38346e+14	220
2.39345e+14	204
2.40345e+14	234
2.41344e+14	227
2.42343e+14	210
2.43343e+14	244
2.44342e+14	223
2.45341e+14	222
2.46341e+14	222
2.4734e+14	232
2.4834e+14	205
2.49339e+14	204
2.50338e+14	213
2.51338e+14	217
2.52337e+14	233
2.53336e+14	242
2.54336e+14	218
2.55335e+14	233
2.56334e+14	216
2.57334e+14	223
2.58333e+14	223
2.59332e+14	207
2.60332e+14	229
2.61331e+14	207
2.6233e+14	228
2.6333e+14	205
2.64329e+14	205
2.65329e+14	212
2.66328e+14	223
2.67327e+14	230
2.68327e+14	190
2.69326e+14	202
2.70325e+14	213
2.71325e+14	235
2.72324e+14	239
2.73323e+14	178
2.74323e+14	209
2.75322e+14	231
2.76321e+14	211
2.77321e+14	213
2.7832e+14	220
2.7932e+14	196
2.80319e+14	199
2.81318e+14	227
2.82318e+14	203
2.83317e+14	229
2.84316e+14	225
2.85316e+14	198
2.86315e+14	228
2.87314e+14	218
2.88314e+14	225
2.89313e+14	235
2.90312e+14	212
2.91312e+14	195
2.92311e+14	233
2.9331e+14	223
2.9431e+14	245
2.95309e+14	187
2.96309e+14	223
2.97308e+14	219
2.98307e+14	228
2.99307e+14	235
3.00306e+14	224
3.01305e+14	205
3.02305e+14	219
3.03304e+14	231
3.04303e+14	201
3.05303e+14	234
3.06302e+14	211
3.07301e+14	203
3.08301e+14	212
3.093e+14	214
3.103e+14	207
3.11299e+14	246
3.12298e+14	218
3.13298e+14	225
3.14297e+14	195
3.15296e+14	225
3.16296e+14	176
3.17295e+14	222
3.18294e+14	224
3.19294e+14	220
3.20293e+14	195
3.21292e+14	235
3.22292e+14	219
3.23291e+14	224
3.2429e+14	222
3.2529e+14	202
3.26289e+14	217
3.27289e+14	180
3.28288e+14	215
3.29287e+14	212
3.30287e+14	209
3.31286e+14	214
3.32285e+14	222
3.33285e+14	222
3.34284e+14	199
3.35283e+14	246
3.36283e+14	215
3.37282e+14	185
3.38281e+14	212
3.39281e+14	203
3.4028e+14	202
3.41279e+14	244
3.42279e+14	206
3.43278e+14	210
3.44278e+14	220
3.45277e+14	218
3.46276e+14	229
3.47276e+14	228
3.48275e+14	225
3.49274e+14	205
3.50274e+14	252
3.51273e+14	226
3.52272e+14	225
3.53272e+14	200
3.54271e+14	201
3.5527e+14	242
3.5627e+14	206
3.57269e+14	225
3.58269e+14	217
3.59268e+14	211
3.60267e+14	217
3.61267e+14	214
3.62266e+14	209
3.63265e+14	200
3.64265e+14	212
3.65264e+14	213
3.66263e+14	232
3.67263e+14	222
3.68262e+14	215
3.69261e+14	200
3.70261e+14	234
3.7126e+14	206
3.72259e+14	263
3.73259e+14	200
3.74258e+14	250
3.75258e+14	244
3.76257e+14	198
3.77256e+14	230
3.78256e+14	233
3.79255e+14	246
3.80254e+14	218
3.81254e+14	226
3.82253e+14	225
3.83252e+14	221
3.84252e+14	235
3.85251e+14	221
3.8625e+14	208
3.8725e+14	227
3.88249e+14	222
3.89248e+14	187
3.90248e+14	221
3.91247e+14	217
3.92247e+14	223
3.93246e+14	216
3.94245e+14	229
3.95245e+14	224
3.96244e+14	234
3.97243e+14	209
3.98243e+14	234
3.99242e+14	222
4.00241e+14	241
4.01241e+14	225
4.0224e+14	184
4.03239e+14	198
4.04239e+14	207
4.05238e+14	215
4.06238e+14	196
4.07237e+14	231
4.08236e+14	232
4.09236e+14	224
4.10235e+14	245
4.11234e+14	197
4.12234e+14	222
4.13233e+14	230
4.14232e+14	221
4.15232e+14	233
4.16231e+14	249
4.1723e+14	217
4.1823e+14	226
4.19229e+14	228
4.20228e+14	219
4.21228e+14	205
4.22227e+14	218
4.23227e+14	201
4.24226e+14	214
4.25225e+14	229
4.26225e+14	206
4.27224e+14	206
4.28223e+14	250
4.29223e+14	231
4.30222e+14	227
4.31221e+14	244
4.32221e+14	247
4.3322e+14	220
4.34219e+14	234
4.35219e+14	221
4.36218e+14	233
4.37218e+14	199
4.38217e+14	218
4.39216e+14	220
4.40216e+14	241
4.41215e+14	235
4.42214e+14	224
4.43214e+14	218
4.44213e+14	213
4.45212e+14	229
4.46212e+14	229
4.47211e+14	222
4.4821e+14	222
4.4921e+14	217
4.50209e+14	226
4.51208e+14	200
4.52208e+14	213
4.53207e+14	219
4.54207e+14	208
4.55206e+14	221
4.56205e+14	231
4.57205e+14	238
4.58204e+14	225
4.59203e+14	201
4.60203e+14	222
4.61202e+14	193
4.62201e+14	237
4.63201e+14	207
4.642e+14	192
4.65199e+14	242
4.66199e+14	240
4.67198e+14	201
4.68197e+14	217
4.69197e+14	246
4.70196e+14	231
4.71196e+14	247
4.72195e+14	216
4.73194e+14	207
4.74194e+14	214
4.75193e+14	220
4.76192e+14	199
4.77192e+14	230
4.78191e+14	218
4.7919e+14	209
4.8019e+14	225
4.81189e+14	223
4.82188e+14	224
4.83188e+14	223
4.84187e+14	223
4.85187e+14	228
4.86186e+14	227
4.87185e+14	219
4.88185e+14	227
4.89184e+14	197
4.90183e+14	209
4.91183e+14	245
4.92182e+14	242
4.93181e+14	196
4.94181e+14	231
4.9518e+14	212
4.96179e+14	207
4.97179e+14	200
4.98178e+14	223
4.99177e+14	223
5.00177e+14	232
5.01176e+14	230
5.02176e+14	214
5.03175e+14	207
5.04174e+14	212
5.05174e+14	207
5.06173e+14	223
5.07172e+14	207
5.08172e+14	207
5.09171e+14	232
5.1017e+14	229
5.1117e+14	199
5.12169e+14	215
5.13168e+14	193
5.14168e+14	197
5.15167e+14	211
5.16166e+14	213
5.17166e+14	215
5.18165e+14	214
5.19165e+14	207
5.20164e+14	216
5.21163e+14	224
5.22163e+14	225
5.23162e+14	209
5.24161e+14	208
5.25161e+14	220
5.2616e+14	228
5.27159e+14	236
5.28159e+14	214
5.29158e+14	202
5.30157e+14	192
5.31157e+14	229
5.32156e+14	235
5.33156e+14	233
5.34155e+14	230
5.35154e+14	208
5.36154e+14	220
5.37153e+14	221
5.38152e+14	261
5.39152e+14	217
5.40151e+14	244
5.4115e+14	200
5.4215e+14	201
5.43149e+14	221
5.44148e+14	224
5.45148e+14	222
5.46147e+14	262
5.47146e+14	217
5.48146e+14	223
5.49145e+14	215
5.50145e+14	224
5.51144e+14	210
5.52143e+14	214
5.53143e+14	215
5.54142e+14	222
5.55141e+14	234
5.56141e+14	217
5.5714e+14	220
5.58139e+14	209
5.59139e+14	204
5.60138e+14	207
5.61137e+14	239
5.62137e+14	191
5.63136e+14	198
5.64135e+14	237
5.65135e+14	204
5.66134e+14	209
5.67134e+14	260
5.68133e+14	226
5.69132e+14	239
5.70132e+14	203
5.71131e+14	187
5.7213e+14	189
5.7313e+14	214
5.74129e+14	234
5.75128e+14	222
5.76128e+14	201
5.77127e+14	211
5.78126e+14	198
5.79126e+14	237
5.80125e+14	243
5.81125e+14	211
5.82124e+14	248
5.83123e+14	221
5.84123e+14	204
5.85122e+14	255
5.86121e+14	201
5.87121e+14	202
5.8812e+14	213
5.89119e+14	196
5.90119e+14	223
5.91118e+14	203
5.92117e+14	201
5.93117e+14	222
5.94116e+14	233
5.95116e+14	225
5.96115e+14	212
5.97114e+14	205
5.98114e+14	235
5.99113e+14	239
6.00112e+14	241
6.01112e+14	208
6.02111e+14	228
6.0311e+14	215
6.0411e+14	208
6.05109e+14	236
6.06108e+14	214
6.07108e+14	207
6.08107e+14	205
6.09106e+14	247
6.10106e+14	210
6.11105e+14	231
6.12105e+14	241
6.13104e+14	202
6.14103e+14	224
6.15103e+14	225
6.16102e+14	260
6.17101e+14	235
6.18101e+14	200
6.191e+14	211
6.20099e+14	220
6.21099e+14	225
6.22098e+14	224
6.23097e+14	213
6.24097e+14	214
6.25096e+14	226
6.26095e+14	197
6.27095e+14	194
6.28094e+14	243
6.29094e+14	212
6.30093e+14	243
6.31092e+14	201
6.32092e+14	222
6.33091e+14	228
6.3409e+14	223
6.3509e+14	218
6.36089e+14	220
6.37088e+14	210
6.38088e+14	230
6.39087e+14	221
6.40086e+14	219
6.41086e+14	227
6.42085e+14	228
6.43085e+14	215
6.44084e+14	216
6.45083e+14	207
6.46083e+14	221
6.47082e+14	192
6.48081e+14	231
6.49081e+14	218
6.5008e+14	235
6.51079e+14	209
6.52079e+14	225
6.53078e+14	223
6.54077e+14	216
6.55077e+14	231
6.56076e+14	220
6.57075e+14	236
6.58075e+14	205
6.59074e+14	220
6.60074e+14	217
6.61073e+14	211
6.62072e+14	209
6.63072e+14	196
6.64071e+14	221
6.6507e+14	236
6.6607e+14	191
6.67069e+14	211
6.68068e+14	206
6.69068e+14	211
6.70067e+14	232
6.71066e+14	215
6.72066e+14	215
6.73065e+14	245
6.74064e+14	238
6.75064e+14	230
6.76063e+14	222
6.77063e+14	225
6.78062e+14	195
6.79061e+14	211
6.80061e+14	229
6.8106e+14	227
6.82059e+14	220
6.83059e+14	209
6.84058e+14	234
6.85057e+14	209
6.86057e+14	226
6.87056e+14	222
6.88055e+14	222
6.89055e+14	212
6.90054e+14	230
6.91053e+14	257
6.92053e+14	219
6.93052e+14	205
6.94052e+14	214
6.95051e+14	209
6.9605e+14	209
6.9705e+14	232
6.98049e+14	217
6.99048e+14	226
7.00048e+14	207
7.01047e+14	217
7.02046e+14	242
7.03046e+14	186
7.04045e+14	199
7.05044e+14	247
7.06044e+14	228
7.07043e+14	209
7.08043e+14	208
