Time [seconds]	Counts
4.99303e+11	277
1.49791e+12	255
2.49651e+12	276
3.49512e+12	271
4.49372e+12	284
5.49233e+12	276
6.49093e+12	287
7.48954e+12	282
8.48815e+12	297
9.48675e+12	286
1.04854e+13	305
1.1484e+13	250
1.24826e+13	302
1.34812e+13	273
1.44798e+13	274
1.54784e+13	278
1.6477e+13	277
1.74756e+13	293
1.84742e+13	292
1.94728e+13	281
2.04714e+13	280
2.147e+13	306
2.24686e+13	301
2.34672e+13	300
2.44658e+13	277
2.54644e+13	310
2.6463e+13	258
2.74616e+13	297
2.84603e+13	307
2.94589e+13	271
3.04575e+13	273
3.14561e+13	308
3.24547e+13	276
3.34533e+13	280
3.44519e+13	276
3.54505e+13	290
3.64491e+13	308
3.74477e+13	289
3.84463e+13	311
3.94449e+13	298
4.04435e+13	274
4.14421e+13	288
4.24407e+13	295
4.34393e+13	283
4.44379e+13	291
4.54365e+13	281
4.64351e+13	289
4.74337e+13	297
4.84324e+13	292
4.9431e+13	302
5.04296e+13	303
5.14282e+13	281
5.24268e+13	280
5.34254e+13	285
5.4424e+13	285
5.54226e+13	275
5.64212e+13	250
5.74198e+13	306
5.84184e+13	284
5.9417e+13	270
6.04156e+13	247
6.14142e+13	276
6.24128e+13	284
6.34114e+13	282
6.441e+13	298
6.54086e+13	274
6.64072e+13	283
6.74059e+13	270
6.84045e+13	288
6.94031e+13	306
7.04017e+13	310
7.14003e+13	292
7.23989e+13	292
7.33975e+13	249
7.43961e+13	319
7.53947e+13	263
7.63933e+13	271
7.73919e+13	279
7.83905e+13	271
7.93891e+13	278
8.03877e+13	277
8.13863e+13	270
8.23849e+13	274
8.33835e+13	267
8.43821e+13	295
8.53808e+13	290
8.63794e+13	300
8.7378e+13	282
8.83766e+13	270
8.93752e+13	303
9.03738e+13	292
9.13724e+13	296
9.2371e+13	286
9.33696e+13	299
9.43682e+13	266
9.53668e+13	247
9.63654e+13	274
9.7364e+13	304
9.83626e+13	298
9.93612e+13	298
1.0036e+14	294
1.01358e+14	307
1.02357e+14	293
1.03356e+14	285
1.04354e+14	276
1.05353e+14	265
1.06351e+14	282
1.0735e+14	254
1.08349e+14	288
1.09347e+14	294
1.10346e+14	276
1.11344e+14	280
1.12343e+14	283
1.13342e+14	258
1.1434e+14	275
1.15339e+14	281
1.16338e+14	290
1.17336e+14	272
1.18335e+14	282
1.19333e+14	267
1.20332e+14	291
1.21331e+14	278
1.22329e+14	286
1.23328e+14	293
1.24326e+14	289
1.25325e+14	284
1.26324e+14	297
1.27322e+14	281
1.28321e+14	279
1.29319e+14	276
1.30318e+14	284
1.31317e+14	289
1.32315e+14	262
1.33314e+14	239
1.34312e+14	308
1.35311e+14	278
1.3631e+14	302
1.37308e+14	280
1.38307e+14	300
1.39305e+14	295
1.40304e+14	311
1.41303e+14	255
1.42301e+14	281
1.433e+14	272
1.44298e+14	260
1.45297e+14	262
1.46296e+14	254
1.47294e+14	289
1.48293e+14	288
1.49291e+14	285
1.5029e+14	290
1.51289e+14	304
1.52287e+14	315
1.53286e+14	292
1.54285e+14	284
1.55283e+14	287
1.56282e+14	288
1.5728e+14	295
1.58279e+14	258
1.59278e+14	297
1.60276e+14	302
1.61275e+14	301
1.62273e+14	270
1.63272e+14	296
1.64271e+14	272
1.65269e+14	295
1.66268e+14	272
1.67266e+14	280
1.68265e+14	295
1.69264e+14	268
1.70262e+14	287
1.71261e+14	337
1.72259e+14	273
1.73258e+14	289
1.74257e+14	296
1.75255e+14	298
1.76254e+14	317
1.77252e+14	289
1.78251e+14	285
1.7925e+14	271
1.80248e+14	286
1.81247e+14	269
1.82245e+14	293
1.83244e+14	286
1.84243e+14	277
1.85241e+14	288
1.8624e+14	306
1.87238e+14	263
1.88237e+14	291
1.89236e+14	266
1.90234e+14	296
1.91233e+14	268
1.92232e+14	262
1.9323e+14	301
1.94229e+14	275
1.95227e+14	323
1.96226e+14	272
1.97225e+14	304
1.98223e+14	298
1.99222e+14	274
2.0022e+14	320
2.01219e+14	292
2.02218e+14	299
2.03216e+14	282
2.04215e+14	283
2.05213e+14	292
2.06212e+14	298
2.07211e+14	300
2.08209e+14	270
2.09208e+14	289
2.10206e+14	283
2.11205e+14	267
2.12204e+14	295
2.13202e+14	284
2.14201e+14	255
2.15199e+14	298
2.16198e+14	305
2.17197e+14	289
2.18195e+14	274
2.19194e+14	270
2.20192e+14	288
2.21191e+14	328
2.2219e+14	262
2.23188e+14	283
2.24187e+14	306
2.25185e+14	290
2.26184e+14	305
2.27183e+14	284
2.28181e+14	277
2.2918e+14	276
2.30179e+14	286
2.31177e+14	277
2.32176e+14	281
2.33174e+14	293
2.34173e+14	266
2.35172e+14	294
2.3617e+14	282
2.37169e+14	278
2.38167e+14	305
2.39166e+14	304
2.40165e+14	290
2.41163e+14	270
2.42162e+14	269
2.4316e+14	286
2.44159e+14	301
2.45158e+14	294
2.46156e+14	301
2.47155e+14	276
2.48153e+14	282
2.49152e+14	255
2.50151e+14	266
2.51149e+14	307
2.52148e+14	260
2.53146e+14	284
2.54145e+14	257
2.55144e+14	306
2.56142e+14	268
2.57141e+14	284
2.58139e+14	266
2.59138e+14	260
2.60137e+14	284
2.61135e+14	282
2.62134e+14	283
2.63132e+14	262
2.64131e+14	253
2.6513e+14	301
2.66128e+14	302
2.67127e+14	291
2.68126e+14	241
2.69124e+14	295
2.70123e+14	277
2.71121e+14	280
2.7212e+14	287
2.73119e+14	283
2.74117e+14	272
2.75116e+14	285
2.76114e+14	329
2.77113e+14	287
2.78112e+14	267
2.7911e+14	289
2.80109e+14	309
2.81107e+14	279
2.82106e+14	272
2.83105e+14	309
2.84103e+14	325
2.85102e+14	304
2.861e+14	271
2.87099e+14	263
2.88098e+14	272
2.89096e+14	279
2.90095e+14	304
2.91093e+14	282
2.92092e+14	304
2.93091e+14	298
2.94089e+14	288
2.95088e+14	324
2.96086e+14	296
2.97085e+14	292
2.98084e+14	304
2.99082e+14	279
3.00081e+14	296
3.01079e+14	304
3.02078e+14	312
3.03077e+14	283
3.04075e+14	274
3.05074e+14	293
3.06073e+14	261
3.07071e+14	265
3.0807e+14	299
3.09068e+14	271
3.10067e+14	264
3.11066e+14	281
3.12064e+14	264
3.13063e+14	246
3.14061e+14	251
3.1506e+14	278
3.16059e+14	317
3.17057e+14	297
3.18056e+14	281
3.19054e+14	286
3.20053e+14	280
3.21052e+14	304
3.2205e+14	280
3.23049e+14	276
3.24047e+14	305
3.25046e+14	302
3.26045e+14	290
3.27043e+14	300
3.28042e+14	279
3.2904e+14	270
3.30039e+14	264
3.31038e+14	287
3.32036e+14	289
3.33035e+14	271
3.34033e+14	275
3.35032e+14	273
3.36031e+14	311
3.37029e+14	329
3.38028e+14	268
3.39026e+14	309
3.40025e+14	301
3.41024e+14	254
3.42022e+14	283
3.43021e+14	292
3.4402e+14	261
3.45018e+14	279
3.46017e+14	318
3.47015e+14	279
3.48014e+14	302
3.49013e+14	269
3.50011e+14	253
3.5101e+14	274
3.52008e+14	303
3.53007e+14	288
3.54006e+14	306
3.55004e+14	272
3.56003e+14	293
3.57001e+14	295
3.58e+14	282
3.58999e+14	267
3.59997e+14	285
3.60996e+14	245
3.61994e+14	277
3.62993e+14	288
3.63992e+14	312
3.6499e+14	287
3.65989e+14	273
3.66987e+14	291
3.67986e+14	268
3.68985e+14	298
3.69983e+14	267
3.70982e+14	287
3.7198e+14	280
3.72979e+14	281
3.73978e+14	302
3.74976e+14	303
3.75975e+14	295
3.76974e+14	304
3.77972e+14	295
3.78971e+14	289
3.79969e+14	291
3.80968e+14	266
3.81967e+14	277
3.82965e+14	272
3.83964e+14	287
3.84962e+14	271
3.85961e+14	275
3.8696e+14	286
3.87958e+14	279
3.88957e+14	266
3.89955e+14	285
3.90954e+14	265
3.91953e+14	274
3.92951e+14	343
3.9395e+14	248
3.94948e+14	305
3.95947e+14	279
3.96946e+14	270
3.97944e+14	295
3.98943e+14	286
3.99941e+14	305
4.0094e+14	269
4.01939e+14	295
4.02937e+14	275
4.03936e+14	282
4.04934e+14	271
4.05933e+14	303
4.06932e+14	309
4.0793e+14	293
4.08929e+14	273
4.09927e+14	307
4.10926e+14	313
4.11925e+14	292
4.12923e+14	257
4.13922e+14	279
4.1492e+14	274
4.15919e+14	316
4.16918e+14	262
4.17916e+14	265
4.18915e+14	312
4.19914e+14	301
4.20912e+14	260
4.21911e+14	270
4.22909e+14	306
4.23908e+14	279
4.24907e+14	286
4.25905e+14	269
4.26904e+14	290
4.27902e+14	281
4.28901e+14	296
4.299e+14	295
4.30898e+14	278
4.31897e+14	304
4.32895e+14	241
4.33894e+14	293
4.34893e+14	313
4.35891e+14	309
4.3689e+14	306
4.37888e+14	286
4.38887e+14	286
4.39886e+14	277
4.40884e+14	284
4.41883e+14	291
4.42881e+14	306
4.4388e+14	290
4.44879e+14	275
4.45877e+14	243
4.46876e+14	302
4.47874e+14	280
4.48873e+14	296
4.49872e+14	286
4.5087e+14	330
4.51869e+14	302
4.52867e+14	254
4.53866e+14	309
4.54865e+14	298
4.55863e+14	278
4.56862e+14	282
4.57861e+14	268
4.58859e+14	298
4.59858e+14	293
4.60856e+14	282
4.61855e+14	291
4.62854e+14	291
4.63852e+14	297
4.64851e+14	278
4.65849e+14	314
4.66848e+14	343
4.67847e+14	272
4.68845e+14	292
4.69844e+14	254
4.70842e+14	289
4.71841e+14	281
4.7284e+14	293
4.73838e+14	285
4.74837e+14	282
4.75835e+14	284
4.76834e+14	299
4.77833e+14	279
4.78831e+14	278
4.7983e+14	323
4.80828e+14	266
4.81827e+14	270
4.82826e+14	299
4.83824e+14	318
4.84823e+14	312
4.85821e+14	280
4.8682e+14	281
4.87819e+14	292
4.88817e+14	274
4.89816e+14	269
4.90815e+14	298
4.91813e+14	245
4.92812e+14	294
4.9381e+14	305
4.94809e+14	263
4.95808e+14	306
4.96806e+14	311
4.97805e+14	291
4.98803e+14	282
4.99802e+14	288
5.00801e+14	332
5.01799e+14	269
5.02798e+14	290
5.03796e+14	307
5.04795e+14	303
5.05794e+14	275
5.06792e+14	269
5.07791e+14	301
5.08789e+14	250
5.09788e+14	281
5.10787e+14	286
5.11785e+14	300
5.12784e+14	256
5.13782e+14	296
5.14781e+14	255
5.1578e+14	273
5.16778e+14	307
5.17777e+14	294
5.18775e+14	317
5.19774e+14	277
5.20773e+14	280
5.21771e+14	267
5.2277e+14	309
5.23768e+14	242
5.24767e+14	298
5.25766e+14	272
5.26764e+14	267
5.27763e+14	310
5.28762e+14	283
5.2976e+14	268
5.30759e+14	284
5.31757e+14	276
5.32756e+14	291
5.33755e+14	282
5.34753e+14	285
5.35752e+14	302
5.3675e+14	284
5.37749e+14	308
5.38748e+14	271
5.39746e+14	317
5.40745e+14	301
5.41743e+14	293
5.42742e+14	284
5.43741e+14	264
5.44739e+14	279
5.45738e+14	323
5.46736e+14	287
5.47735e+14	299
5.48734e+14	265
5.49732e+14	301
5.50731e+14	338
5.51729e+14	252
5.52728e+14	270
5.53727e+14	291
5.54725e+14	264
5.55724e+14	296
5.56722e+14	287
5.57721e+14	278
5.5872e+14	285
5.59718e+14	284
5.60717e+14	271
5.61715e+14	255
5.62714e+14	311
5.63713e+14	280
5.64711e+14	302
5.6571e+14	273
5.66709e+14	279
5.67707e+14	284
5.68706e+14	313
5.69704e+14	269
5.70703e+14	306
5.71702e+14	289
5.727e+14	268
5.73699e+14	302
5.74697e+14	262
5.75696e+14	279
5.76695e+14	282
5.77693e+14	268
5.78692e+14	254
5.7969e+14	283
5.80689e+14	291
5.81688e+14	281
5.82686e+14	317
5.83685e+14	297
5.84683e+14	284
5.85682e+14	253
5.86681e+14	302
5.87679e+14	297
5.88678e+14	297
5.89676e+14	264
5.90675e+14	295
5.91674e+14	278
5.92672e+14	310
5.93671e+14	296
5.94669e+14	263
5.95668e+14	304
5.96667e+14	288
5.97665e+14	258
5.98664e+14	311
5.99662e+14	297
