Time [seconds]	Counts
4.99594e+11	126
1.49878e+12	113
2.49797e+12	134
3.49716e+12	105
4.49634e+12	118
5.49553e+12	109
6.49472e+12	131
7.49391e+12	118
8.49309e+12	116
9.49228e+12	107
1.04915e+13	117
1.14907e+13	120
1.24898e+13	109
1.3489e+13	113
1.44882e+13	108
1.54874e+13	99
1.64866e+13	121
1.74858e+13	122
1.8485e+13	97
1.94842e+13	128
2.04833e+13	107
2.14825e+13	107
2.24817e+13	111
2.34809e+13	106
2.44801e+13	136
2.54793e+13	122
2.64785e+13	106
2.74777e+13	117
2.84768e+13	136
2.9476e+13	109
3.04752e+13	122
3.14744e+13	113
3.24736e+13	116
3.34728e+13	121
3.4472e+13	103
3.54712e+13	130
3.64703e+13	131
3.74695e+13	115
3.84687e+13	134
3.94679e+13	125
4.04671e+13	118
4.14663e+13	106
4.24655e+13	118
4.34647e+13	122
4.44638e+13	108
4.5463e+13	119
4.64622e+13	114
4.74614e+13	128
4.84606e+13	117
4.94598e+13	128
5.0459e+13	107
5.14582e+13	126
5.24574e+13	112
5.34565e+13	102
5.44557e+13	107
5.54549e+13	122
5.64541e+13	113
5.74533e+13	128
5.84525e+13	117
5.94517e+13	140
6.04509e+13	111
6.145e+13	133
6.24492e+13	111
6.34484e+13	120
6.44476e+13	98
6.54468e+13	117
6.6446e+13	118
6.74452e+13	111
6.84444e+13	124
6.94435e+13	113
7.04427e+13	125
7.14419e+13	120
7.24411e+13	120
7.34403e+13	129
7.44395e+13	113
7.54387e+13	115
7.64379e+13	130
7.7437e+13	121
7.84362e+13	115
7.94354e+13	112
8.04346e+13	114
8.14338e+13	118
8.2433e+13	117
8.34322e+13	131
8.44313e+13	93
8.54305e+13	115
8.64297e+13	121
8.74289e+13	120
8.84281e+13	138
8.94273e+13	104
9.04265e+13	113
9.14257e+13	127
9.24249e+13	113
9.3424e+13	114
9.44232e+13	115
9.54224e+13	112
9.64216e+13	121
9.74208e+13	125
9.842e+13	125
9.94192e+13	120
1.00418e+14	105
1.01418e+14	109
1.02417e+14	120
1.03416e+14	124
1.04415e+14	132
1.05414e+14	117
1.06413e+14	118
1.07413e+14	120
1.08412e+14	113
1.09411e+14	117
1.1041e+14	128
1.11409e+14	110
1.12409e+14	107
1.13408e+14	125
1.14407e+14	110
1.15406e+14	104
1.16405e+14	105
1.17405e+14	104
1.18404e+14	116
1.19403e+14	122
1.20402e+14	118
1.21401e+14	117
1.224e+14	118
1.234e+14	120
1.24399e+14	131
1.25398e+14	121
1.26397e+14	122
1.27396e+14	141
1.28396e+14	149
1.29395e+14	114
1.30394e+14	117
1.31393e+14	107
1.32392e+14	98
1.33392e+14	109
1.34391e+14	127
1.3539e+14	112
1.36389e+14	107
1.37388e+14	122
1.38387e+14	105
1.39387e+14	105
1.40386e+14	112
1.41385e+14	117
1.42384e+14	94
1.43383e+14	125
1.44383e+14	113
1.45382e+14	94
1.46381e+14	115
1.4738e+14	107
1.48379e+14	128
1.49379e+14	124
1.50378e+14	122
1.51377e+14	107
1.52376e+14	114
1.53375e+14	129
1.54374e+14	100
1.55374e+14	108
1.56373e+14	116
1.57372e+14	119
1.58371e+14	110
1.5937e+14	113
1.6037e+14	123
1.61369e+14	103
1.62368e+14	120
1.63367e+14	125
1.64366e+14	123
1.65366e+14	125
1.66365e+14	112
1.67364e+14	116
1.68363e+14	131
1.69362e+14	124
1.70361e+14	98
1.71361e+14	116
1.7236e+14	122
1.73359e+14	138
1.74358e+14	106
1.75357e+14	109
1.76357e+14	123
1.77356e+14	116
1.78355e+14	121
1.79354e+14	120
1.80353e+14	130
1.81353e+14	124
1.82352e+14	114
1.83351e+14	99
1.8435e+14	110
1.85349e+14	108
1.86348e+14	124
1.87348e+14	133
1.88347e+14	103
1.89346e+14	120
1.90345e+14	109
1.91344e+14	139
1.92344e+14	112
1.93343e+14	113
1.94342e+14	123
1.95341e+14	121
1.9634e+14	115
1.9734e+14	93
1.98339e+14	120
1.99338e+14	117
2.00337e+14	121
2.01336e+14	114
2.02335e+14	137
2.03335e+14	123
2.04334e+14	97
2.05333e+14	126
2.06332e+14	129
2.07331e+14	105
2.08331e+14	96
2.0933e+14	128
2.10329e+14	121
2.11328e+14	110
2.12327e+14	130
2.13327e+14	111
2.14326e+14	128
2.15325e+14	139
2.16324e+14	137
2.17323e+14	130
2.18322e+14	116
2.19322e+14	111
2.20321e+14	120
2.2132e+14	111
2.22319e+14	120
2.23318e+14	120
2.24318e+14	107
2.25317e+14	106
2.26316e+14	114
2.27315e+14	120
2.28314e+14	117
2.29314e+14	98
2.30313e+14	131
2.31312e+14	96
2.32311e+14	101
2.3331e+14	102
2.34309e+14	115
2.35309e+14	124
2.36308e+14	115
2.37307e+14	109
2.38306e+14	104
2.39305e+14	138
2.40305e+14	121
2.41304e+14	130
2.42303e+14	120
2.43302e+14	123
2.44301e+14	111
2.45301e+14	122
2.463e+14	115
2.47299e+14	126
2.48298e+14	114
2.49297e+14	107
2.50296e+14	110
2.51296e+14	110
2.52295e+14	106
2.53294e+14	129
2.54293e+14	131
2.55292e+14	129
2.56292e+14	122
2.57291e+14	94
2.5829e+14	121
2.59289e+14	110
2.60288e+14	113
2.61288e+14	130
2.62287e+14	96
2.63286e+14	117
2.64285e+14	121
2.65284e+14	109
2.66283e+14	111
2.67283e+14	117
2.68282e+14	125
2.69281e+14	118
2.7028e+14	118
2.71279e+14	124
2.72279e+14	128
2.73278e+14	115
2.74277e+14	117
2.75276e+14	120
2.76275e+14	112
2.77275e+14	111
2.78274e+14	116
2.79273e+14	116
2.80272e+14	124
2.81271e+14	124
2.8227e+14	118
2.8327e+14	121
2.84269e+14	141
2.85268e+14	100
2.86267e+14	120
2.87266e+14	131
2.88266e+14	122
2.89265e+14	121
2.90264e+14	104
2.91263e+14	80
2.92262e+14	123
2.93262e+14	112
2.94261e+14	125
2.9526e+14	117
2.96259e+14	110
2.97258e+14	114
2.98257e+14	125
2.99257e+14	119
3.00256e+14	112
3.01255e+14	101
3.02254e+14	137
3.03253e+14	103
3.04253e+14	115
3.05252e+14	111
3.06251e+14	111
3.0725e+14	134
3.08249e+14	118
3.09249e+14	118
3.10248e+14	131
3.11247e+14	118
3.12246e+14	113
3.13245e+14	118
3.14245e+14	118
3.15244e+14	125
3.16243e+14	129
3.17242e+14	112
3.18241e+14	96
3.1924e+14	104
3.2024e+14	105
3.21239e+14	110
3.22238e+14	127
3.23237e+14	113
3.24236e+14	142
3.25236e+14	121
3.26235e+14	132
3.27234e+14	119
3.28233e+14	107
3.29232e+14	111
3.30232e+14	111
3.31231e+14	105
3.3223e+14	105
3.33229e+14	126
3.34228e+14	125
3.35227e+14	126
3.36227e+14	113
3.37226e+14	113
3.38225e+14	109
3.39224e+14	145
3.40223e+14	101
3.41223e+14	104
3.42222e+14	127
3.43221e+14	139
3.4422e+14	117
3.45219e+14	110
3.46218e+14	120
3.47218e+14	104
3.48217e+14	127
3.49216e+14	113
3.50215e+14	116
3.51214e+14	119
3.52214e+14	105
3.53213e+14	116
3.54212e+14	120
3.55211e+14	97
3.5621e+14	101
3.5721e+14	96
3.58209e+14	128
3.59208e+14	125
3.60207e+14	98
3.61206e+14	120
3.62205e+14	109
3.63205e+14	107
3.64204e+14	126
3.65203e+14	127
3.66202e+14	127
3.67201e+14	106
3.68201e+14	112
3.692e+14	113
3.70199e+14	127
3.71198e+14	107
3.72197e+14	115
3.73197e+14	117
3.74196e+14	120
3.75195e+14	105
3.76194e+14	112
3.77193e+14	113
3.78193e+14	136
3.79192e+14	128
3.80191e+14	112
3.8119e+14	124
3.82189e+14	118
3.83188e+14	107
3.84188e+14	132
3.85187e+14	108
3.86186e+14	108
3.87185e+14	124
3.88184e+14	109
3.89184e+14	133
3.90183e+14	127
3.91182e+14	119
3.92181e+14	107
3.9318e+14	113
3.9418e+14	112
3.95179e+14	114
3.96178e+14	107
3.97177e+14	94
3.98176e+14	121
3.99175e+14	122
4.00175e+14	115
4.01174e+14	119
4.02173e+14	124
4.03172e+14	111
4.04171e+14	118
4.05171e+14	87
4.0617e+14	123
4.07169e+14	122
4.08168e+14	121
4.09167e+14	108
4.10166e+14	136
4.11166e+14	120
4.12165e+14	103
4.13164e+14	96
4.14163e+14	113
4.15162e+14	117
4.16162e+14	121
4.17161e+14	104
4.1816e+14	115
4.19159e+14	124
4.20158e+14	111
4.21158e+14	132
4.22157e+14	114
4.23156e+14	108
4.24155e+14	119
4.25154e+14	112
4.26154e+14	102
4.27153e+14	116
4.28152e+14	133
4.29151e+14	111
4.3015e+14	127
4.31149e+14	118
4.32149e+14	114
4.33148e+14	104
4.34147e+14	123
4.35146e+14	122
4.36145e+14	121
4.37145e+14	106
4.38144e+14	111
4.39143e+14	112
4.40142e+14	129
4.41141e+14	117
4.42141e+14	114
4.4314e+14	108
4.44139e+14	112
4.45138e+14	104
4.46137e+14	111
4.47136e+14	100
4.48136e+14	121
4.49135e+14	121
4.50134e+14	111
4.51133e+14	110
4.52132e+14	115
4.53132e+14	112
4.54131e+14	119
4.5513e+14	125
4.56129e+14	96
4.57128e+14	121
4.58128e+14	123
4.59127e+14	123
4.60126e+14	112
4.61125e+14	130
4.62124e+14	122
4.63123e+14	125
4.64123e+14	112
4.65122e+14	111
4.66121e+14	122
4.6712e+14	117
4.68119e+14	121
4.69119e+14	118
4.70118e+14	108
4.71117e+14	111
4.72116e+14	105
4.73115e+14	119
4.74115e+14	112
4.75114e+14	114
4.76113e+14	112
4.77112e+14	126
4.78111e+14	113
4.7911e+14	115
4.8011e+14	105
4.81109e+14	108
4.82108e+14	118
4.83107e+14	115
4.84106e+14	97
4.85106e+14	120
4.86105e+14	121
4.87104e+14	139
4.88103e+14	108
4.89102e+14	115
4.90102e+14	126
4.91101e+14	131
4.921e+14	101
4.93099e+14	94
4.94098e+14	106
4.95097e+14	129
4.96097e+14	113
4.97096e+14	118
4.98095e+14	125
4.99094e+14	117
5.00093e+14	113
5.01093e+14	127
5.02092e+14	123
5.03091e+14	109
5.0409e+14	111
5.05089e+14	100
5.06089e+14	131
5.07088e+14	103
5.08087e+14	96
5.09086e+14	106
5.10085e+14	128
5.11084e+14	103
5.12084e+14	101
5.13083e+14	108
5.14082e+14	114
5.15081e+14	116
5.1608e+14	110
5.1708e+14	96
5.18079e+14	118
5.19078e+14	97
5.20077e+14	118
5.21076e+14	112
5.22076e+14	102
5.23075e+14	117
5.24074e+14	115
5.25073e+14	101
5.26072e+14	115
5.27071e+14	116
5.28071e+14	118
5.2907e+14	144
5.30069e+14	122
5.31068e+14	101
5.32067e+14	91
5.33067e+14	113
5.34066e+14	115
5.35065e+14	116
5.36064e+14	110
5.37063e+14	121
5.38063e+14	117
5.39062e+14	125
5.40061e+14	122
5.4106e+14	125
5.42059e+14	114
5.43058e+14	108
5.44058e+14	117
5.45057e+14	125
5.46056e+14	126
5.47055e+14	116
5.48054e+14	104
5.49054e+14	112
5.50053e+14	116
5.51052e+14	130
5.52051e+14	121
5.5305e+14	113
5.5405e+14	94
5.55049e+14	106
5.56048e+14	115
5.57047e+14	132
5.58046e+14	121
5.59045e+14	111
5.60045e+14	127
5.61044e+14	93
5.62043e+14	119
5.63042e+14	109
5.64041e+14	123
5.65041e+14	125
5.6604e+14	125
5.67039e+14	139
5.68038e+14	100
5.69037e+14	140
5.70037e+14	126
5.71036e+14	110
5.72035e+14	96
5.73034e+14	109
5.74033e+14	100
5.75032e+14	122
5.76032e+14	106
5.77031e+14	107
5.7803e+14	119
5.79029e+14	109
5.80028e+14	107
5.81028e+14	113
5.82027e+14	122
5.83026e+14	116
5.84025e+14	115
5.85024e+14	116
5.86024e+14	119
5.87023e+14	114
5.88022e+14	108
5.89021e+14	120
5.9002e+14	110
5.91019e+14	120
5.92019e+14	123
5.93018e+14	107
5.94017e+14	123
5.95016e+14	122
5.96015e+14	105
5.97015e+14	113
5.98014e+14	119
5.99013e+14	115
6.00012e+14	113
6.01011e+14	108
6.02011e+14	122
6.0301e+14	111
6.04009e+14	128
6.05008e+14	115
6.06007e+14	123
6.07006e+14	141
6.08006e+14	124
6.09005e+14	108
6.10004e+14	105
6.11003e+14	134
6.12002e+14	119
6.13002e+14	113
6.14001e+14	119
6.15e+14	100
6.15999e+14	104
6.16998e+14	116
6.17998e+14	121
6.18997e+14	125
6.19996e+14	127
6.20995e+14	103
6.21994e+14	130
6.22993e+14	106
6.23993e+14	121
6.24992e+14	111
6.25991e+14	145
6.2699e+14	123
6.27989e+14	127
6.28989e+14	118
6.29988e+14	122
6.30987e+14	106
6.31986e+14	119
6.32985e+14	126
6.33985e+14	101
6.34984e+14	129
6.35983e+14	120
6.36982e+14	108
6.37981e+14	119
6.3898e+14	126
6.3998e+14	108
6.40979e+14	113
6.41978e+14	102
6.42977e+14	121
6.43976e+14	120
6.44976e+14	139
6.45975e+14	124
6.46974e+14	96
6.47973e+14	108
6.48972e+14	123
6.49972e+14	113
6.50971e+14	106
6.5197e+14	113
6.52969e+14	108
6.53968e+14	119
6.54967e+14	100
6.55967e+14	96
6.56966e+14	105
6.57965e+14	125
6.58964e+14	119
6.59963e+14	131
6.60963e+14	122
6.61962e+14	127
6.62961e+14	110
