Time [seconds]	Counts
4.98923e+11	664
1.49677e+12	653
2.49462e+12	643
3.49246e+12	637
4.49031e+12	700
5.48815e+12	622
6.486e+12	631
7.48385e+12	636
8.48169e+12	590
9.47954e+12	626
1.04774e+13	646
1.14752e+13	616
1.24731e+13	611
1.34709e+13	635
1.44688e+13	618
1.54666e+13	634
1.64645e+13	675
1.74623e+13	614
1.84602e+13	636
1.9458e+13	612
2.04558e+13	609
2.14537e+13	615
2.24515e+13	618
2.34494e+13	649
2.44472e+13	639
2.54451e+13	659
2.64429e+13	668
2.74408e+13	602
2.84386e+13	642
2.94365e+13	648
3.04343e+13	704
3.14322e+13	639
3.243e+13	649
3.34278e+13	593
3.44257e+13	634
3.54235e+13	614
3.64214e+13	655
3.74192e+13	716
3.84171e+13	659
3.94149e+13	662
4.04128e+13	629
4.14106e+13	654
4.24085e+13	629
4.34063e+13	691
4.44042e+13	622
4.5402e+13	564
4.63998e+13	670
4.73977e+13	678
4.83955e+13	646
4.93934e+13	659
5.03912e+13	630
5.13891e+13	620
5.23869e+13	616
5.33848e+13	618
5.43826e+13	592
5.53805e+13	645
5.63783e+13	632
5.73762e+13	613
5.8374e+13	650
5.93718e+13	658
6.03697e+13	636
6.13675e+13	623
6.23654e+13	658
6.33632e+13	638
6.43611e+13	640
6.53589e+13	631
6.63568e+13	632
6.73546e+13	670
6.83525e+13	612
6.93503e+13	642
7.03482e+13	637
7.1346e+13	586
7.23439e+13	628
7.33417e+13	642
7.43395e+13	630
7.53374e+13	630
7.63352e+13	627
7.73331e+13	652
7.83309e+13	698
7.93288e+13	575
8.03266e+13	631
8.13245e+13	629
8.23223e+13	624
8.33202e+13	613
8.4318e+13	638
8.53159e+13	623
8.63137e+13	609
8.73115e+13	768
8.83094e+13	629
8.93072e+13	659
9.03051e+13	642
9.13029e+13	581
9.23008e+13	623
9.32986e+13	628
9.42965e+13	644
9.52943e+13	665
9.62922e+13	594
9.729e+13	652
9.82878e+13	615
9.92857e+13	652
1.00284e+14	625
1.01281e+14	667
1.02279e+14	628
1.03277e+14	633
1.04275e+14	623
1.05273e+14	640
1.06271e+14	648
1.07268e+14	660
1.08266e+14	631
1.09264e+14	643
1.10262e+14	622
1.1126e+14	632
1.12258e+14	628
1.13256e+14	657
1.14253e+14	640
1.15251e+14	641
1.16249e+14	641
1.17247e+14	618
1.18245e+14	611
1.19243e+14	655
1.2024e+14	612
1.21238e+14	628
1.22236e+14	653
1.23234e+14	675
1.24232e+14	622
1.2523e+14	591
1.26228e+14	626
1.27225e+14	610
1.28223e+14	691
1.29221e+14	601
1.30219e+14	671
1.31217e+14	624
1.32215e+14	629
1.33212e+14	613
1.3421e+14	606
1.35208e+14	603
1.36206e+14	627
1.37204e+14	620
1.38202e+14	642
1.392e+14	666
1.40197e+14	610
1.41195e+14	637
1.42193e+14	651
1.43191e+14	628
1.44189e+14	673
1.45187e+14	604
1.46184e+14	677
1.47182e+14	613
1.4818e+14	619
1.49178e+14	621
1.50176e+14	590
1.51174e+14	676
1.52172e+14	674
1.53169e+14	639
1.54167e+14	598
1.55165e+14	628
1.56163e+14	621
1.57161e+14	631
1.58159e+14	628
1.59156e+14	657
1.60154e+14	605
1.61152e+14	653
1.6215e+14	646
1.63148e+14	637
1.64146e+14	662
1.65144e+14	581
1.66141e+14	643
1.67139e+14	701
1.68137e+14	635
1.69135e+14	680
1.70133e+14	585
1.71131e+14	656
1.72128e+14	661
1.73126e+14	647
1.74124e+14	648
1.75122e+14	704
1.7612e+14	635
1.77118e+14	587
1.78116e+14	610
1.79113e+14	593
1.80111e+14	634
1.81109e+14	673
1.82107e+14	676
1.83105e+14	622
1.84103e+14	617
1.851e+14	660
1.86098e+14	573
1.87096e+14	657
1.88094e+14	624
1.89092e+14	637
1.9009e+14	657
1.91088e+14	624
1.92085e+14	641
1.93083e+14	599
1.94081e+14	618
1.95079e+14	631
1.96077e+14	628
1.97075e+14	618
1.98072e+14	618
1.9907e+14	691
2.00068e+14	599
2.01066e+14	607
2.02064e+14	645
2.03062e+14	616
2.0406e+14	687
2.05057e+14	663
2.06055e+14	654
2.07053e+14	673
2.08051e+14	663
2.09049e+14	666
2.10047e+14	652
2.11044e+14	632
2.12042e+14	669
2.1304e+14	673
2.14038e+14	625
2.15036e+14	622
2.16034e+14	603
2.17032e+14	656
2.18029e+14	584
2.19027e+14	608
2.20025e+14	610
2.21023e+14	614
2.22021e+14	621
2.23019e+14	650
2.24016e+14	634
2.25014e+14	665
2.26012e+14	658
2.2701e+14	673
2.28008e+14	661
2.29006e+14	634
2.30004e+14	609
2.31001e+14	681
2.31999e+14	627
2.32997e+14	668
2.33995e+14	642
2.34993e+14	607
2.35991e+14	631
2.36988e+14	616
2.37986e+14	596
2.38984e+14	626
2.39982e+14	654
2.4098e+14	661
2.41978e+14	688
2.42976e+14	652
2.43973e+14	681
2.44971e+14	634
2.45969e+14	647
2.46967e+14	644
2.47965e+14	612
2.48963e+14	626
2.4996e+14	608
2.50958e+14	613
2.51956e+14	655
2.52954e+14	621
2.53952e+14	615
2.5495e+14	600
2.55948e+14	678
2.56945e+14	639
2.57943e+14	584
2.58941e+14	645
2.59939e+14	633
2.60937e+14	616
2.61935e+14	640
2.62932e+14	643
2.6393e+14	611
2.64928e+14	661
2.65926e+14	679
2.66924e+14	604
2.67922e+14	660
2.6892e+14	594
2.69917e+14	648
2.70915e+14	611
2.71913e+14	666
2.72911e+14	712
2.73909e+14	631
2.74907e+14	658
2.75904e+14	657
2.76902e+14	632
2.779e+14	597
2.78898e+14	670
2.79896e+14	671
2.80894e+14	640
2.81892e+14	622
2.82889e+14	657
2.83887e+14	583
2.84885e+14	641
2.85883e+14	635
2.86881e+14	614
2.87879e+14	698
2.88876e+14	677
2.89874e+14	669
2.90872e+14	632
2.9187e+14	664
2.92868e+14	638
2.93866e+14	651
2.94864e+14	631
2.95861e+14	678
2.96859e+14	641
2.97857e+14	642
2.98855e+14	670
2.99853e+14	603
3.00851e+14	648
3.01848e+14	644
3.02846e+14	674
3.03844e+14	576
3.04842e+14	617
3.0584e+14	637
3.06838e+14	637
3.07836e+14	678
3.08833e+14	615
3.09831e+14	598
3.10829e+14	610
3.11827e+14	649
3.12825e+14	693
3.13823e+14	630
3.1482e+14	635
3.15818e+14	694
3.16816e+14	636
3.17814e+14	687
3.18812e+14	640
3.1981e+14	643
3.20808e+14	618
3.21805e+14	638
3.22803e+14	650
3.23801e+14	630
3.24799e+14	634
3.25797e+14	626
3.26795e+14	675
3.27792e+14	571
3.2879e+14	642
3.29788e+14	645
3.30786e+14	659
3.31784e+14	625
3.32782e+14	691
3.3378e+14	633
3.34777e+14	659
3.35775e+14	660
3.36773e+14	592
3.37771e+14	591
3.38769e+14	599
3.39767e+14	643
3.40764e+14	644
3.41762e+14	632
3.4276e+14	622
3.43758e+14	612
3.44756e+14	670
3.45754e+14	655
3.46752e+14	646
3.47749e+14	660
3.48747e+14	653
3.49745e+14	643
3.50743e+14	614
3.51741e+14	649
3.52739e+14	608
3.53736e+14	602
3.54734e+14	670
3.55732e+14	665
3.5673e+14	667
3.57728e+14	642
3.58726e+14	652
3.59724e+14	651
3.60721e+14	600
3.61719e+14	645
3.62717e+14	612
3.63715e+14	644
3.64713e+14	628
3.65711e+14	676
3.66708e+14	642
3.67706e+14	616
3.68704e+14	635
3.69702e+14	606
3.707e+14	656
3.71698e+14	656
3.72696e+14	655
3.73693e+14	619
3.74691e+14	585
3.75689e+14	665
3.76687e+14	676
3.77685e+14	662
3.78683e+14	649
3.7968e+14	667
3.80678e+14	632
3.81676e+14	664
3.82674e+14	654
3.83672e+14	656
3.8467e+14	627
3.85668e+14	650
3.86665e+14	621
3.87663e+14	642
3.88661e+14	619
3.89659e+14	618
3.90657e+14	633
3.91655e+14	594
3.92652e+14	686
3.9365e+14	631
3.94648e+14	619
3.95646e+14	619
3.96644e+14	640
3.97642e+14	631
3.9864e+14	651
3.99637e+14	639
